2012-08-15T00:48:55.323811
1345016935.43,  1.35
1345016936.46,  1.35
1345016937.48,  1.35
1345016938.49,  1.35
1345016939.51,  1.25
1345016940.54,  1.25
1345016941.56,  1.25
1345016942.58,  1.25
1345016943.6,  1.25
1345016944.63,  1.31
1345016945.65,  1.31
1345016946.68,  1.31
1345016947.71,  1.31
1345016948.73,  1.31
1345016949.75,  1.28
1345016950.76,  1.28
1345016951.78,  1.28
1345016952.82,  1.28
1345016953.83,  1.42
1345016954.86,  1.42
1345016955.87,  1.42
1345016956.88,  1.42
1345016957.94,  1.42
1345016958.97,  1.47
1345016959.98,  1.47
1345016961.02,  1.47
1345016962.04,  1.47
1345016963.11,  1.47
1345016964.14,  1.43
1345016965.17,  1.43
1345016966.23,  1.43
1345016967.26,  1.43
1345016968.3,  1.43
1345016969.37,  1.47
1345016970.42,  1.47
1345016971.44,  1.47
1345016972.45,  1.47
1345016973.5,  1.47
1345016974.56,  1.6
1345016975.57,  1.6
1345016976.59,  1.6
1345016977.61,  1.6
1345016978.63,  1.6
1345016979.65,  1.47
1345016980.7,  1.47
1345016981.73,  1.47
1345016982.75,  1.47
1345016983.76,  1.47
1345016984.78,  1.51
1345016985.8,  1.51
1345016986.82,  1.51
1345016987.87,  1.51
1345016988.9,  1.47
1345016989.92,  1.47
1345016990.94,  1.47
1345016991.96,  1.47
1345016992.98,  1.47
1345016994.0,  1.51
1345016995.04,  1.51
1345016996.06,  1.51
1345016997.08,  1.51
1345016998.09,  1.51
1345016999.11,  1.55
1345017000.13,  1.55
1345017001.15,  1.55
1345017002.17,  1.55
1345017003.18,  1.55
1345017004.2,  1.43
1345017005.22,  1.43
1345017006.25,  1.43
1345017007.28,  1.43
1345017008.31,  1.43
1345017009.33,  1.31
1345017010.34,  1.31
1345017011.36,  1.31
1345017012.4,  1.31
1345017013.43,  1.31
1345017014.46,  1.29
1345017015.49,  1.29
1345017016.54,  1.29
1345017017.6,  1.29
1345017018.65,  1.29
1345017019.7,  1.27
1345017020.75,  1.27
1345017021.89,  1.27
1345017022.95,  1.27
1345017024.04,  1.4
1345017025.1,  1.4
1345017026.12,  1.4
1345017027.15,  1.4
1345017028.21,  1.4
1345017029.28,  1.37
1345017030.32,  1.37
1345017031.36,  1.37
1345017032.4,  1.37
1345017033.42,  1.37
1345017034.44,  1.34
1345017035.46,  1.34
1345017036.48,  1.34
1345017037.5,  1.34
1345017038.54,  1.34
1345017039.56,  1.39
1345017040.58,  1.39
1345017041.6,  1.39
1345017042.63,  1.39
1345017043.65,  1.39
1345017044.68,  1.36
1345017045.71,  1.36
1345017046.72,  1.36
1345017047.76,  1.36
1345017048.77,  1.36
1345017049.79,  1.49
1345017050.84,  1.49
1345017051.88,  1.49
1345017053.04,  1.49
1345017054.06,  1.45
1345017055.08,  1.45
1345017056.12,  1.45
1345017057.14,  1.45
1345017058.17,  1.45
1345017059.19,  1.5
1345017060.21,  1.5
1345017061.24,  1.5
1345017062.27,  1.5
1345017063.29,  1.5
1345017064.31,  1.62
1345017065.33,  1.62
1345017066.34,  1.62
1345017067.36,  1.62
1345017068.38,  1.62
1345017069.4,  1.57
1345017070.41,  1.57
1345017071.44,  1.57
1345017072.47,  1.57
1345017073.49,  1.57
1345017074.52,  1.52
1345017075.54,  1.52
1345017076.56,  1.52
1345017077.58,  1.52
1345017078.6,  1.52
1345017079.68,  1.4
1345017080.7,  1.4
1345017081.71,  1.4
1345017082.78,  1.4
1345017083.79,  1.4
1345017084.81,  1.37
1345017085.86,  1.37
1345017086.87,  1.37
1345017087.9,  1.37
1345017088.92,  1.42
1345017089.94,  1.42
1345017090.97,  1.42
1345017091.99,  1.42
1345017093.01,  1.42
1345017094.03,  1.39
1345017095.05,  1.39
1345017096.07,  1.39
1345017097.1,  1.39
1345017098.13,  1.39
1345017099.15,  1.35
1345017100.16,  1.35
1345017101.18,  1.35
1345017102.2,  1.35
1345017103.22,  1.35
1345017104.24,  1.33
1345017105.27,  1.33
1345017106.29,  1.33
1345017107.32,  1.33
1345017108.37,  1.33
1345017109.39,  1.46
1345017110.41,  1.46
1345017111.47,  1.46
1345017112.5,  1.46
1345017113.52,  1.46
1345017114.54,  1.58
1345017115.56,  1.58
1345017116.57,  1.58
1345017117.59,  1.58
1345017118.61,  1.58
1345017119.63,  1.46
1345017120.66,  1.46
1345017121.68,  1.46
1345017122.71,  1.46
1345017123.72,  1.46
1345017124.74,  1.42
1345017125.77,  1.42
1345017126.78,  1.42
1345017127.8,  1.42
1345017128.82,  1.42
1345017129.84,  1.39
1345017130.86,  1.39
1345017131.88,  1.39
1345017132.9,  1.39
1345017133.91,  1.39
1345017134.93,  1.36
1345017135.96,  1.36
1345017137.0,  1.36
1345017138.03,  1.36
1345017139.05,  1.41
1345017140.07,  1.41
1345017141.09,  1.41
1345017142.12,  1.41
1345017143.15,  1.41
1345017144.18,  1.29
1345017145.19,  1.29
1345017146.21,  1.29
1345017147.22,  1.29
1345017148.24,  1.29
1345017149.26,  1.27
1345017150.28,  1.27
1345017151.3,  1.27
1345017152.31,  1.27
1345017153.33,  1.27
1345017154.35,  1.25
1345017155.37,  1.25
1345017156.4,  1.25
1345017157.42,  1.25
1345017158.44,  1.25
1345017159.46,  1.23
1345017160.47,  1.23
1345017161.49,  1.23
1345017162.5,  1.23
1345017163.52,  1.23
1345017164.54,  1.29
1345017165.56,  1.29
1345017166.58,  1.29
1345017167.6,  1.29
1345017168.62,  1.29
1345017169.63,  1.19
1345017170.65,  1.19
1345017171.67,  1.19
1345017172.68,  1.19
1345017173.7,  1.19
1345017174.72,  1.25
1345017175.73,  1.25
1345017176.75,  1.25
1345017177.77,  1.25
1345017178.79,  1.25
1345017179.82,  1.23
1345017180.83,  1.23
1345017181.86,  1.23
1345017182.87,  1.23
1345017183.89,  1.23
1345017184.91,  1.29
1345017185.92,  1.29
1345017186.94,  1.29
1345017187.96,  1.29
1345017188.98,  1.29
1345017190.0,  1.35
1345017191.01,  1.35
1345017192.03,  1.35
1345017193.05,  1.35
1345017194.07,  1.24
1345017195.09,  1.24
1345017196.11,  1.24
1345017197.13,  1.24
1345017198.15,  1.24
1345017199.18,  1.22
1345017200.19,  1.22
1345017201.22,  1.22
1345017202.25,  1.22
1345017203.3,  1.22
1345017204.34,  1.29
1345017205.37,  1.29
1345017206.39,  1.29
1345017207.42,  1.29
1345017208.46,  1.29
1345017209.5,  1.26
1345017210.52,  1.26
1345017211.55,  1.26
1345017212.62,  1.26
1345017213.65,  1.26
1345017214.67,  1.4
1345017215.69,  1.4
1345017216.74,  1.4
1345017217.76,  1.4
1345017218.78,  1.4
1345017219.8,  1.37
1345017220.83,  1.37
1345017221.85,  1.37
1345017222.86,  1.37
1345017223.88,  1.37
1345017224.9,  1.42
1345017225.92,  1.42
1345017226.94,  1.42
1345017227.96,  1.42
1345017228.98,  1.42
1345017229.99,  1.39
1345017231.01,  1.39
1345017232.03,  1.39
1345017233.05,  1.39
1345017234.07,  1.35
1345017235.08,  1.35
1345017236.1,  1.35
1345017237.12,  1.35
1345017238.14,  1.35
1345017239.17,  1.41
1345017240.19,  1.41
1345017241.21,  1.41
1345017242.23,  1.41
1345017243.25,  1.41
1345017244.27,  1.29
1345017245.28,  1.29
1345017246.3,  1.29
1345017247.32,  1.29
1345017248.34,  1.29
1345017249.36,  1.27
1345017250.38,  1.27
1345017251.4,  1.27
1345017252.43,  1.27
1345017253.45,  1.27
1345017254.46,  1.17
1345017255.48,  1.17
1345017256.5,  1.17
1345017257.52,  1.17
1345017258.53,  1.17
1345017259.55,  1.16
1345017260.56,  1.16
1345017261.58,  1.16
1345017262.6,  1.16
1345017263.62,  1.16
1345017264.63,  1.14
1345017265.65,  1.14
1345017266.66,  1.14
1345017267.69,  1.14
1345017268.7,  1.14
1345017269.72,  1.05
1345017270.74,  1.05
1345017271.76,  1.05
1345017272.77,  1.05
1345017273.79,  1.05
1345017274.81,  1.05
1345017275.83,  1.05
1345017276.85,  1.05
1345017277.88,  1.05
1345017278.9,  1.05
1345017279.92,  1.12
1345017280.96,  1.12
1345017282.0,  1.12
1345017283.02,  1.12
1345017284.03,  1.12
1345017285.06,  1.11
1345017286.08,  1.11
1345017287.11,  1.11
1345017288.12,  1.11
1345017289.14,  1.35
1345017290.16,  1.35
1345017291.18,  1.35
1345017292.2,  1.35
1345017293.21,  1.35
1345017294.23,  1.4
1345017295.24,  1.4
1345017296.27,  1.4
1345017297.31,  1.4
1345017298.34,  1.4
1345017299.77,  1.37
1345017300.79,  1.37
1345017301.81,  1.37
1345017302.83,  1.37
1345017303.85,  1.37
1345017304.87,  1.58
1345017305.96,  1.58
1345017306.98,  1.58
1345017308.0,  1.58
1345017309.01,  1.58
1345017310.03,  1.45
1345017311.05,  1.45
1345017312.07,  1.45
1345017313.09,  1.45
1345017314.11,  1.49
1345017315.13,  1.49
1345017316.15,  1.49
1345017317.18,  1.49
1345017318.2,  1.49
1345017319.22,  1.53
1345017320.24,  1.53
1345017321.26,  1.53
1345017322.28,  1.53
1345017323.29,  1.53
1345017324.31,  1.49
1345017325.33,  1.49
1345017326.34,  1.49
1345017327.36,  1.49
1345017328.38,  1.49
1345017329.4,  1.37
1345017330.41,  1.37
1345017331.43,  1.37
1345017332.45,  1.37
1345017333.47,  1.37
1345017334.5,  1.26
1345017335.52,  1.26
1345017336.54,  1.26
1345017337.56,  1.26
1345017338.58,  1.26
1345017339.59,  1.24
1345017340.61,  1.24
1345017341.63,  1.24
1345017342.65,  1.24
1345017343.67,  1.24
1345017344.69,  1.3
1345017345.7,  1.3
1345017346.73,  1.3
1345017347.75,  1.3
1345017348.77,  1.3
1345017349.79,  1.2
1345017350.81,  1.2
1345017351.83,  1.2
1345017352.85,  1.2
1345017353.87,  1.2
1345017354.88,  1.18
1345017355.9,  1.18
1345017356.92,  1.18
1345017357.95,  1.18
1345017358.96,  1.18
1345017359.98,  1.25
1345017361.0,  1.25
1345017362.02,  1.25
1345017363.03,  1.25
1345017364.05,  1.25
1345017365.07,  1.31
1345017366.09,  1.31
1345017367.11,  1.31
1345017368.13,  1.31
1345017369.15,  1.28
1345017370.17,  1.28
1345017371.19,  1.28
1345017372.21,  1.28
1345017373.23,  1.28
1345017374.25,  1.26
1345017375.27,  1.26
1345017376.29,  1.26
1345017377.31,  1.26
1345017378.33,  1.26
1345017379.35,  1.24
1345017380.38,  1.24
1345017381.39,  1.24
1345017382.41,  1.24
1345017383.43,  1.24
1345017384.45,  1.3
1345017385.46,  1.3
1345017386.48,  1.3
1345017387.5,  1.3
1345017388.52,  1.3
1345017389.54,  1.28
1345017390.56,  1.28
1345017391.58,  1.28
1345017392.59,  1.28
1345017393.62,  1.28
1345017394.64,  1.33
1345017395.66,  1.33
1345017396.68,  1.33
1345017397.77,  1.33
1345017398.8,  1.33
1345017399.82,  1.31
1345017400.84,  1.31
1345017401.86,  1.31
1345017402.87,  1.31
1345017403.89,  1.31
1345017404.91,  1.28
1345017405.92,  1.28
1345017406.95,  1.28
1345017407.97,  1.28
1345017408.99,  1.28
1345017410.08,  1.34
1345017411.09,  1.34
1345017412.11,  1.34
1345017413.14,  1.34
1345017414.16,  1.39
1345017415.19,  1.39
1345017416.22,  1.39
1345017417.24,  1.39
1345017418.26,  1.39
1345017419.28,  1.36
1345017420.3,  1.36
1345017421.32,  1.36
1345017422.33,  1.36
1345017423.35,  1.36
1345017424.4,  1.25
1345017425.45,  1.25
1345017426.51,  1.25
1345017427.55,  1.25
1345017428.56,  1.25
1345017429.59,  1.23
1345017430.62,  1.23
1345017431.63,  1.23
1345017432.65,  1.23
1345017433.68,  1.23
1345017434.71,  1.21
1345017435.75,  1.21
1345017436.77,  1.21
1345017437.79,  1.21
1345017438.81,  1.21
1345017439.83,  1.2
1345017440.87,  1.2
1345017441.92,  1.2
1345017442.94,  1.2
1345017443.96,  1.2
1345017444.99,  1.18
1345017446.02,  1.18
1345017447.04,  1.18
1345017448.06,  1.18
1345017449.08,  1.18
1345017450.1,  1.25
1345017451.12,  1.25
1345017452.15,  1.25
1345017453.18,  1.25
1345017454.2,  1.23
1345017455.22,  1.23
1345017456.24,  1.23
1345017457.26,  1.23
1345017458.28,  1.23
1345017459.32,  1.45
1345017460.34,  1.45
1345017461.35,  1.45
1345017462.38,  1.45
1345017463.4,  1.45
1345017464.42,  1.41
1345017465.44,  1.41
1345017466.46,  1.41
1345017467.47,  1.41
1345017468.49,  1.41
1345017469.51,  1.38
1345017470.53,  1.38
1345017471.58,  1.38
1345017472.62,  1.38
1345017473.63,  1.38
1345017474.65,  1.27
1345017475.67,  1.27
1345017476.72,  1.27
1345017477.73,  1.27
1345017478.79,  1.27
1345017479.83,  1.25
1345017480.85,  1.25
1345017481.87,  1.25
1345017482.92,  1.25
1345017483.94,  1.25
1345017484.99,  1.31
1345017486.01,  1.31
1345017487.03,  1.31
1345017488.05,  1.31
1345017489.07,  1.31
1345017490.11,  1.28
1345017491.13,  1.28
1345017492.17,  1.28
1345017493.19,  1.28
1345017494.21,  1.28
1345017495.23,  1.34
1345017496.25,  1.34
1345017497.26,  1.34
1345017498.31,  1.34
1345017499.36,  1.47
1345017500.42,  1.47
1345017501.44,  1.47
1345017502.46,  1.47
1345017503.51,  1.47
1345017504.53,  1.52
1345017505.57,  1.52
1345017506.62,  1.52
1345017507.66,  1.52
1345017508.72,  1.52
1345017509.76,  1.47
1345017510.78,  1.47
1345017511.8,  1.47
1345017512.82,  1.47
1345017513.86,  1.47
1345017514.91,  1.44
1345017515.96,  1.44
1345017516.97,  1.44
1345017517.99,  1.44
1345017519.0,  1.44
1345017520.02,  1.4
1345017521.04,  1.4
1345017522.05,  1.4
1345017523.1,  1.4
1345017524.12,  1.4
1345017525.14,  1.37
1345017526.18,  1.37
1345017527.24,  1.37
1345017528.29,  1.37
1345017529.3,  1.42
1345017530.33,  1.42
1345017531.39,  1.42
1345017532.41,  1.42
1345017533.43,  1.42
1345017534.45,  1.39
1345017535.47,  1.39
1345017536.55,  1.39
1345017537.6,  1.39
1345017538.67,  1.39
1345017539.7,  1.43
1345017540.71,  1.43
1345017541.73,  1.43
1345017542.78,  1.43
1345017543.82,  1.43
1345017544.84,  1.4
1345017545.87,  1.4
1345017546.89,  1.4
1345017547.93,  1.4
1345017548.95,  1.4
1345017549.98,  1.37
1345017551.01,  1.37
1345017552.03,  1.37
1345017553.05,  1.37
1345017554.07,  1.37
1345017555.12,  1.26
1345017556.26,  1.26
1345017557.3,  1.26
1345017558.32,  1.26
1345017559.34,  1.24
1345017562.16,  1.24
1345017563.18,  1.24
1345017564.2,  1.24
1345017565.22,  1.24
1345017566.26,  1.46
1345017567.31,  1.46
1345017568.33,  1.46
1345017569.35,  1.46
1345017570.37,  1.46
1345017571.39,  1.42
1345017572.41,  1.42
1345017573.42,  1.42
1345017574.44,  1.42
1345017575.46,  1.42
1345017576.51,  1.47
1345017577.53,  1.47
1345017578.55,  1.47
1345017579.57,  1.47
1345017580.59,  1.47
1345017581.61,  1.43
1345017582.66,  1.43
1345017583.69,  1.43
1345017584.71,  1.43
1345017585.73,  1.43
1345017586.75,  1.4
1345017587.77,  1.4
1345017588.79,  1.4
1345017589.81,  1.4
1345017590.83,  1.4
1345017591.85,  1.45
1345017592.87,  1.45
1345017593.89,  1.45
1345017594.91,  1.45
1345017595.94,  1.45
1345017596.96,  1.41
1345017597.98,  1.41
1345017599.0,  1.41
1345017600.02,  1.41
1345017601.04,  1.41
1345017602.05,  1.46
1345017603.12,  1.46
1345017604.15,  1.46
1345017605.16,  1.46
1345017606.19,  1.5
1345017607.23,  1.5
1345017608.26,  1.5
1345017609.32,  1.5
1345017610.38,  1.5
1345017611.45,  1.54
1345017612.5,  1.54
1345017613.55,  1.54
1345017614.57,  1.54
1345017615.6,  1.54
1345017616.63,  1.58
1345017617.66,  1.58
1345017618.68,  1.58
1345017619.72,  1.58
1345017620.75,  1.58
1345017621.77,  1.45
1345017622.79,  1.45
1345017623.98,  1.45
1345017625.0,  1.45
1345017626.01,  1.45
1345017627.05,  1.33
1345017628.07,  1.33
1345017629.09,  1.33
1345017630.1,  1.33
1345017631.12,  1.23
1345017632.14,  1.23
1345017633.16,  1.23
1345017634.19,  1.23
1345017635.21,  1.23
1345017636.22,  1.13
1345017637.24,  1.13
1345017638.26,  1.13
1345017639.27,  1.13
1345017640.3,  1.13
1345017641.33,  1.2
1345017642.35,  1.2
1345017643.38,  1.2
1345017644.39,  1.2
1345017645.45,  1.2
1345017646.46,  1.18
1345017647.48,  1.18
1345017648.5,  1.18
1345017649.51,  1.18
1345017650.59,  1.18
1345017651.61,  1.17
1345017652.64,  1.17
1345017653.65,  1.17
1345017654.71,  1.17
1345017655.74,  1.17
1345017656.76,  1.07
1345017657.78,  1.07
1345017658.82,  1.07
1345017659.88,  1.07
1345017660.9,  1.07
1345017661.91,  1.15
1345017662.93,  1.15
1345017663.95,  1.15
1345017665.06,  1.15
1345017666.08,  1.15
1345017667.1,  1.22
1345017668.13,  1.22
1345017669.16,  1.22
1345017670.19,  1.22
1345017671.21,  1.12
1345017672.26,  1.12
1345017673.28,  1.12
1345017674.3,  1.12
1345017675.31,  1.12
1345017676.35,  1.11
1345017677.38,  1.11
1345017678.4,  1.11
1345017679.41,  1.11
1345017680.43,  1.11
1345017681.45,  1.1
1345017682.46,  1.1
1345017683.48,  1.1
1345017684.51,  1.1
1345017685.59,  1.1
1345017686.61,  1.17
1345017687.63,  1.17
1345017688.67,  1.17
1345017689.72,  1.17
1345017690.74,  1.17
1345017691.76,  1.4
1345017692.78,  1.4
1345017693.79,  1.4
1345017694.82,  1.4
1345017695.85,  1.4
1345017696.87,  1.69
1345017697.89,  1.69
1345017698.91,  1.69
1345017699.94,  1.69
1345017700.95,  1.69
1345017701.97,  1.95
1345017702.99,  1.95
1345017704.01,  1.95
1345017705.03,  1.95
1345017706.09,  1.95
1345017707.15,  1.96
1345017708.16,  1.96
1345017709.2,  1.96
1345017710.26,  1.96
1345017711.28,  1.88
1345017712.3,  1.88
1345017713.32,  1.88
1345017714.34,  1.88
1345017715.36,  1.88
1345017716.39,  1.89
1345017717.41,  1.89
1345017718.43,  1.89
1345017719.46,  1.89
1345017720.47,  1.89
1345017721.49,  1.82
1345017722.5,  1.82
1345017723.52,  1.82
1345017724.54,  1.82
1345017725.55,  1.82
1345017726.62,  1.75
1345017727.63,  1.75
1345017728.65,  1.75
1345017729.68,  1.75
1345017730.7,  1.75
1345017731.72,  1.69
1345017732.74,  1.69
1345017733.78,  1.69
1345017734.81,  1.69
1345017735.83,  1.69
1345017736.87,  1.64
1345017737.89,  1.64
1345017738.93,  1.64
1345017739.95,  1.64
1345017741.0,  1.64
1345017742.02,  1.91
1345017743.04,  1.91
1345017744.43,  1.91
1345017745.45,  1.91
1345017746.51,  1.83
1345017747.53,  1.83
1345017748.54,  1.83
1345017749.57,  1.83
1345017750.6,  1.83
1345017751.66,  1.77
1345017752.71,  1.77
1345017753.72,  1.77
1345017754.74,  1.77
1345017755.76,  1.77
1345017756.8,  1.7
1345017757.84,  1.7
1345017758.87,  1.7
1345017759.89,  1.7
1345017760.91,  1.7
1345017761.94,  1.81
1345017762.97,  1.81
1345017764.0,  1.81
1345017765.05,  1.81
1345017766.07,  1.81
1345017767.14,  1.98
1345017768.15,  1.98
1345017769.18,  1.98
1345017770.25,  1.98
1345017771.3,  2.15
1345017772.32,  2.15
1345017773.34,  2.15
1345017774.36,  2.15
1345017775.38,  2.15
1345017776.4,  2.05
1345017777.43,  2.05
1345017778.45,  2.05
1345017779.49,  2.05
1345017780.52,  2.05
1345017781.59,  2.05
1345017782.64,  2.05
1345017783.7,  2.05
1345017784.72,  2.05
1345017785.74,  2.05
1345017786.75,  1.97
1345017787.77,  1.97
1345017788.8,  1.97
1345017789.87,  1.97
1345017791.04,  1.97
1345017792.11,  1.97
1345017793.13,  1.97
1345017794.15,  1.97
1345017795.18,  1.97
1345017796.23,  1.97
1345017797.26,  2.13
1345017798.28,  2.13
1345017799.3,  2.13
1345017800.37,  2.13
1345017801.41,  2.04
1345017802.43,  2.04
1345017803.45,  2.04
1345017804.47,  2.04
1345017805.5,  2.04
1345017806.52,  2.12
1345017807.61,  2.12
1345017808.68,  2.12
1345017809.74,  2.12
1345017810.77,  2.12
1345017811.79,  2.19
1345017812.8,  2.19
1345017813.82,  2.19
1345017814.89,  2.19
1345017815.94,  2.19
1345017817.0,  2.09
1345017818.03,  2.09
1345017819.11,  2.09
1345017820.12,  2.09
1345017821.15,  2.09
1345017822.18,  2.17
1345017823.2,  2.17
1345017824.22,  2.17
1345017825.23,  2.17
1345017826.25,  2.17
1345017827.27,  2.15
1345017828.29,  2.15
1345017829.33,  2.15
1345017830.4,  2.15
1345017831.51,  2.22
1345017832.54,  2.22
1345017833.56,  2.22
1345017834.58,  2.22
1345017835.73,  2.22
1345017836.74,  2.2
1345017837.83,  2.2
1345017838.87,  2.2
1345017839.9,  2.2
1345017840.91,  2.2
1345017841.98,  2.43
1345017843.09,  2.43
1345017844.11,  2.43
1345017845.13,  2.43
1345017846.15,  2.43
1345017847.17,  2.31
1345017848.2,  2.31
1345017849.27,  2.31
1345017850.44,  2.31
1345017851.62,  2.69
1345017852.68,  2.69
1345017853.72,  2.69
1345017854.79,  2.69
1345017855.81,  2.69
1345017857.03,  2.55
1345017858.09,  2.55
1345017859.24,  2.55
1345017860.81,  2.55
1345017862.53,  2.43
1345017863.57,  2.43
1345017864.59,  2.43
1345017865.67,  2.43
1345017866.69,  2.31
1345017867.73,  2.31
1345017868.77,  2.31
1345017869.8,  2.31
1345017870.85,  2.31
1345017871.87,  2.21
1345017872.9,  2.21
1345017873.95,  2.21
1345017874.98,  2.21
1345017876.05,  2.21
1345017877.09,  2.11
1345017878.1,  2.11
1345017879.12,  2.11
1345017880.18,  2.11
1345017881.21,  2.11
1345017882.23,  2.1
1345017883.26,  2.1
1345017884.28,  2.1
1345017885.3,  2.1
1345017886.31,  1.93
1345017887.33,  1.93
1345017888.35,  1.93
1345017889.38,  1.93
1345017890.4,  1.93
1345017891.42,  1.94
1345017892.44,  1.94
1345017893.46,  1.94
1345017894.49,  1.94
1345017895.52,  1.94
1345017896.54,  2.03
1345017897.57,  2.03
1345017898.59,  2.03
1345017899.61,  2.03
1345017900.63,  2.03
1345017901.67,  1.86
1345017902.69,  1.86
1345017903.72,  1.86
1345017904.75,  1.86
1345017905.79,  1.86
1345017906.85,  1.79
1345017907.88,  1.79
1345017908.92,  1.79
1345017909.99,  1.79
1345017911.04,  1.79
1345017912.27,  1.81
1345017913.37,  1.81
1345017914.48,  1.81
1345017915.61,  1.81
1345017916.81,  2.07
1345017917.91,  2.07
1345017918.94,  2.07
1345017919.97,  2.07
1345017921.01,  2.07
1345017922.05,  2.14
1345017923.07,  2.14
1345017924.1,  2.14
1345017925.12,  2.14
1345017926.14,  2.14
1345017927.28,  2.05
1345017928.29,  2.05
1345017929.31,  2.05
1345017930.33,  2.05
1345017931.35,  2.05
1345017932.39,  2.05
1345017933.41,  2.05
1345017934.42,  2.05
1345017935.49,  2.05
1345017936.51,  2.04
1345017937.57,  2.04
1345017938.62,  2.04
1345017939.64,  2.04
1345017940.66,  2.04
1345017941.67,  2.04
1345017942.69,  2.04
1345017943.71,  2.04
1345017944.75,  2.04
1345017945.78,  2.04
1345017946.8,  2.2
1345017947.82,  2.2
1345017948.83,  2.2
1345017949.86,  2.2
1345017950.9,  2.2
1345017951.93,  2.66
1345017953.16,  2.66
1345017954.18,  2.66
1345017955.21,  2.66
1345017956.29,  2.66
1345017957.34,  2.69
1345017958.38,  2.69
1345017959.42,  2.69
1345017960.52,  2.69
1345017961.71,  2.55
1345017962.74,  2.55
1345017963.78,  2.55
1345017964.88,  2.55
1345017965.89,  2.55
1345017966.93,  2.51
1345017967.96,  2.51
1345017968.97,  2.51
1345017969.99,  2.51
1345017971.02,  2.51
1345017972.05,  2.47
1345017973.08,  2.47
1345017974.14,  2.47
1345017976.73,  2.47
1345017985.37,  3.25
1345017991.02,  3.31
1345018009.52,  5.89
1345018012.44,  6.22
1345018013.82,  6.12
1345018014.97,  6.12
1345018016.17,  6.12
1345018017.35,  5.79
1345018018.37,  5.79
1345018019.44,  5.79
1345018020.46,  5.79
1345018021.48,  5.65
1345018022.76,  5.65
1345018023.98,  5.65
1345018025.0,  5.65
1345018026.02,  5.65
1345018027.09,  5.36
1345018028.12,  5.36
1345018029.18,  5.36
1345018030.21,  5.36
1345018031.24,  5.36
1345018032.34,  5.01
1345018033.38,  5.01
1345018034.41,  5.01
1345018035.44,  5.01
1345018036.47,  4.69
1345018037.5,  4.69
1345018038.52,  4.69
1345018039.56,  4.69
1345018040.59,  4.69
1345018041.79,  4.47
1345018042.88,  4.47
1345018043.9,  4.47
1345018044.93,  4.47
1345018045.96,  4.47
1345018047.05,  4.43
1345018048.06,  4.43
1345018049.08,  4.43
1345018050.1,  4.43
1345018051.12,  4.43
1345018052.14,  4.24
1345018053.15,  4.24
1345018054.18,  4.24
1345018055.21,  4.24
1345018056.23,  4.24
1345018057.27,  4.14
1345018058.29,  4.14
1345018059.32,  4.14
1345018060.35,  4.14
1345018061.38,  4.14
1345018062.41,  3.89
1345018063.44,  3.89
1345018064.47,  3.89
1345018065.5,  3.89
1345018066.53,  3.74
1345018067.56,  3.74
1345018068.62,  3.74
1345018069.65,  3.74
1345018070.68,  3.74
1345018071.71,  3.52
1345018072.73,  3.52
1345018073.8,  3.52
1345018074.82,  3.52
1345018075.85,  3.52
1345018076.88,  3.56
1345018077.89,  3.56
1345018078.94,  3.56
1345018079.97,  3.56
1345018081.0,  3.56
1345018082.04,  3.67
1345018083.08,  3.67
1345018084.13,  3.67
1345018085.21,  3.67
1345018086.27,  3.67
1345018087.46,  3.54
1345018089.24,  3.54
1345018090.34,  3.54
1345018091.38,  3.54
1345018092.4,  3.34
1345018093.43,  3.34
1345018094.45,  3.34
1345018095.49,  3.34
1345018096.56,  3.23
1345018097.59,  3.23
1345018098.63,  3.23
1345018099.65,  3.23
1345018100.67,  3.23
1345018101.7,  3.21
1345018102.73,  3.21
1345018103.77,  3.21
1345018104.79,  3.21
1345018105.83,  3.21
1345018106.88,  3.67
1345018107.9,  3.67
1345018109.0,  3.67
1345018110.04,  3.67
1345018111.06,  3.67
1345018112.11,  3.7
1345018113.14,  3.7
1345018114.18,  3.7
1345018115.47,  3.7
1345018116.51,  3.7
1345018117.58,  3.64
1345018118.61,  3.64
1345018119.63,  3.64
1345018120.65,  3.64
1345018121.69,  3.51
1345018122.72,  3.51
1345018123.75,  3.51
1345018124.77,  3.51
1345018125.79,  3.51
1345018126.85,  3.31
1345018127.88,  3.31
1345018128.91,  3.31
1345018129.96,  3.31
1345018131.01,  3.31
1345018132.04,  3.13
1345018133.08,  3.13
1345018134.12,  3.13
1345018135.15,  3.13
1345018136.18,  3.13
1345018137.21,  3.04
1345018138.25,  3.04
1345018139.31,  3.04
1345018140.34,  3.04
1345018141.37,  3.04
1345018142.48,  3.19
1345018143.5,  3.19
1345018144.54,  3.19
1345018145.56,  3.19
1345018146.58,  3.02
1345018147.6,  3.02
1345018148.62,  3.02
1345018149.64,  3.02
1345018150.67,  3.02
1345018151.69,  3.26
1345018152.71,  3.26
1345018153.73,  3.26
1345018154.75,  3.26
1345018155.76,  3.26
1345018156.78,  3.15
1345018157.8,  3.15
1345018158.82,  3.15
1345018159.88,  3.15
1345018160.89,  3.15
1345018161.92,  3.06
1345018162.95,  3.06
1345018163.97,  3.06
1345018165.01,  3.06
1345018166.03,  3.06
1345018167.05,  2.9
1345018168.07,  2.9
1345018169.08,  2.9
1345018170.1,  2.9
1345018171.12,  2.9
1345018172.13,  2.75
1345018173.15,  2.75
1345018174.17,  2.75
1345018175.19,  2.75
1345018176.22,  2.75
1345018177.25,  2.61
1345018178.26,  2.61
1345018179.28,  2.61
1345018180.3,  2.61
1345018181.32,  2.61
1345018182.34,  2.48
1345018183.37,  2.48
1345018184.41,  2.48
1345018185.43,  2.48
1345018186.45,  2.48
1345018187.48,  2.44
1345018188.53,  2.44
1345018189.56,  2.44
1345018190.61,  2.44
1345018191.63,  2.4
1345018192.64,  2.4
1345018193.66,  2.4
1345018194.68,  2.4
1345018195.73,  2.4
1345018196.76,  2.29
1345018197.78,  2.29
1345018198.8,  2.29
1345018199.82,  2.29
1345018200.85,  2.29
1345018201.87,  2.27
1345018202.9,  2.27
1345018203.92,  2.27
1345018204.94,  2.27
1345018205.96,  2.27
1345018206.98,  2.25
1345018208.0,  2.25
1345018209.02,  2.25
1345018210.06,  2.25
1345018211.11,  2.25
1345018212.14,  2.23
1345018213.16,  2.23
1345018214.17,  2.23
1345018215.19,  2.23
1345018216.23,  2.23
1345018217.25,  2.21
1345018218.27,  2.21
1345018219.29,  2.21
1345018220.32,  2.21
1345018221.34,  2.21
1345018222.36,  2.11
1345018223.37,  2.11
1345018224.4,  2.11
1345018225.45,  2.11
1345018226.49,  2.11
1345018227.55,  2.1
1345018228.63,  2.1
1345018229.69,  2.1
1345018230.73,  2.1
1345018231.75,  2.1
1345018232.76,  2.1
1345018233.81,  2.1
1345018234.82,  2.1
1345018235.84,  2.1
1345018236.86,  2.09
1345018237.88,  2.09
1345018238.91,  2.09
1345018239.93,  2.09
1345018240.95,  2.09
1345018241.97,  2.0
1345018242.99,  2.0
1345018244.02,  2.0
1345018245.05,  2.0
1345018246.07,  2.0
1345018247.08,  1.92
1345018248.1,  1.92
1345018249.12,  1.92
1345018250.14,  1.92
1345018251.16,  1.92
1345018252.17,  1.85
1345018253.19,  1.85
1345018254.21,  1.85
1345018255.23,  1.85
1345018256.25,  1.85
1345018257.26,  1.7
1345018258.28,  1.7
1345018259.31,  1.7
1345018260.33,  1.7
1345018261.36,  1.7
1345018262.38,  1.72
1345018263.42,  1.72
1345018264.45,  1.72
1345018265.46,  1.72
1345018266.49,  1.72
1345018267.5,  1.66
1345018268.55,  1.66
1345018269.57,  1.66
1345018270.59,  1.66
1345018271.61,  1.66
1345018272.63,  1.61
1345018273.65,  1.61
1345018274.66,  1.61
1345018275.69,  1.61
1345018276.71,  1.64
1345018277.73,  1.64
1345018278.76,  1.64
1345018279.77,  1.64
1345018280.81,  1.64
1345018281.84,  1.59
1345018282.87,  1.59
1345018283.92,  1.59
1345018284.94,  1.59
1345018285.96,  1.59
1345018286.98,  1.7
1345018288.05,  1.7
1345018289.06,  1.7
1345018290.09,  1.7
1345018291.13,  1.7
1345018292.17,  1.65
1345018293.18,  1.65
1345018294.23,  1.65
1345018295.25,  1.65
1345018296.27,  1.65
1345018297.29,  1.76
1345018298.33,  1.76
1345018299.4,  1.76
1345018300.43,  1.76
1345018301.44,  1.76
1345018302.47,  1.7
1345018303.51,  1.7
1345018304.53,  1.7
1345018305.59,  1.7
1345018306.67,  1.7
1345018307.79,  1.88
1345018308.85,  1.88
1345018309.87,  1.88
1345018310.9,  1.88
1345018311.94,  1.89
1345018313.0,  1.89
1345018314.02,  1.89
1345018315.08,  1.89
1345018316.14,  1.89
1345018317.16,  1.82
1345018318.17,  1.82
1345018319.19,  1.82
1345018320.21,  1.82
1345018321.23,  1.82
1345018322.26,  1.75
1345018323.28,  1.75
1345018324.31,  1.75
1345018325.33,  1.75
1345018326.35,  1.75
1345018327.38,  1.69
1345018328.4,  1.69
1345018329.42,  1.69
1345018330.49,  1.69
1345018331.52,  1.69
1345018332.54,  1.72
1345018333.56,  1.72
1345018334.59,  1.72
1345018335.6,  1.72
1345018336.62,  1.72
1345018337.65,  1.82
1345018338.66,  1.82
1345018339.68,  1.82
1345018340.7,  1.82
1345018341.72,  1.75
1345018342.74,  1.75
1345018343.76,  1.75
1345018344.78,  1.75
1345018345.8,  1.75
1345018346.83,  1.61
1345018347.85,  1.61
1345018348.87,  1.61
1345018349.88,  1.61
1345018352.78,  1.61
1345018353.8,  1.64
1345018354.82,  1.64
1345018355.83,  1.64
1345018356.85,  1.64
1345018357.87,  1.64
1345018358.9,  1.67
1345018359.92,  1.67
1345018360.94,  1.67
1345018361.96,  1.67
1345018362.97,  1.67
1345018364.0,  1.7
1345018365.02,  1.7
1345018366.04,  1.7
1345018367.05,  1.7
1345018368.07,  1.7
1345018369.09,  1.64
1345018370.13,  1.64
1345018371.16,  1.64
1345018372.18,  1.64
1345018373.2,  1.64
1345018374.21,  1.67
1345018375.24,  1.67
1345018376.26,  1.67
1345018377.29,  1.67
1345018378.32,  1.67
1345018379.34,  1.7
1345018380.38,  1.7
1345018381.41,  1.7
1345018382.44,  1.7
1345018383.68,  1.7
1345018384.72,  1.72
1345018385.75,  1.72
1345018386.79,  1.72
1345018387.82,  1.72
1345018388.86,  1.82
1345018389.88,  1.82
1345018390.92,  1.82
1345018392.33,  1.82
1345018393.4,  1.82
1345018394.55,  1.84
1345018395.58,  1.84
1345018396.6,  1.84
1345018397.69,  1.84
1345018398.76,  2.17
1345018399.79,  2.17
1345018400.82,  2.17
1345018401.84,  2.17
1345018402.87,  2.17
1345018403.91,  2.4
1345018404.93,  2.4
1345018405.95,  2.4
1345018406.98,  2.4
1345018408.0,  2.4
1345018409.04,  2.37
1345018410.08,  2.37
1345018411.11,  2.37
1345018412.14,  2.37
1345018413.17,  2.37
1345018414.22,  2.26
1345018415.25,  2.26
1345018416.28,  2.26
1345018417.31,  2.26
1345018418.35,  2.26
1345018419.38,  2.48
1345018420.42,  2.48
1345018421.45,  2.48
1345018422.48,  2.48
1345018423.51,  2.48
1345018424.54,  2.52
1345018425.56,  2.52
1345018426.58,  2.52
1345018427.62,  2.52
1345018428.67,  2.4
1345018429.69,  2.4
1345018430.71,  2.4
1345018431.74,  2.4
1345018432.78,  2.4
1345018433.82,  2.37
1345018434.84,  2.37
1345018435.88,  2.37
1345018436.92,  2.37
1345018437.95,  2.37
1345018438.98,  2.34
1345018440.0,  2.34
1345018441.05,  2.34
1345018442.08,  2.34
1345018443.11,  2.34
1345018444.14,  2.31
1345018445.17,  2.31
1345018446.21,  2.31
1345018447.25,  2.31
1345018448.27,  2.31
1345018449.31,  2.28
1345018450.44,  2.28
1345018451.48,  2.28
1345018452.5,  2.28
1345018453.54,  2.28
1345018454.57,  2.26
1345018455.61,  2.26
1345018456.63,  2.26
1345018457.65,  2.26
1345018458.67,  2.24
1345018459.72,  2.24
1345018460.75,  2.24
1345018461.78,  2.24
1345018462.82,  2.24
1345018463.88,  2.14
1345018464.9,  2.14
1345018465.93,  2.14
1345018466.95,  2.14
1345018467.98,  2.14
1345018469.01,  2.05
1345018470.05,  2.05
1345018471.1,  2.05
1345018472.14,  2.05
1345018473.17,  2.05
1345018474.2,  2.21
1345018475.21,  2.21
1345018476.23,  2.21
1345018477.24,  2.21
1345018478.26,  2.21
1345018479.28,  2.11
1345018480.32,  2.11
1345018481.34,  2.11
1345018482.36,  2.11
1345018483.37,  2.11
1345018484.39,  2.02
1345018485.41,  2.02
1345018486.42,  2.02
1345018487.44,  2.02
1345018488.45,  2.02
1345018489.47,  2.02
1345018490.48,  2.02
1345018491.5,  2.02
1345018492.52,  2.02
1345018493.54,  2.02
1345018494.56,  1.94
1345018495.58,  1.94
1345018496.6,  1.94
1345018497.62,  1.94
1345018498.67,  1.94
1345018499.69,  1.94
1345018500.71,  1.94
1345018501.73,  1.94
1345018502.75,  1.94
1345018503.76,  1.95
1345018504.78,  1.95
1345018505.8,  1.95
1345018506.82,  1.95
1345018507.84,  1.95
1345018508.87,  1.87
1345018509.89,  1.87
1345018510.91,  1.87
1345018511.93,  1.87
1345018512.95,  1.87
1345018513.97,  1.88
1345018514.99,  1.88
1345018516.02,  1.88
1345018517.06,  1.88
1345018518.08,  1.88
1345018519.12,  1.89
1345018520.14,  1.89
1345018521.19,  1.89
1345018522.22,  1.89
1345018523.28,  1.89
1345018524.31,  1.82
1345018525.35,  1.82
1345018526.38,  1.82
1345018527.4,  1.82
1345018528.41,  1.82
1345018529.43,  1.83
1345018530.45,  1.83
1345018531.47,  1.83
1345018532.5,  1.83
1345018533.51,  1.83
1345018534.53,  1.77
1345018535.55,  1.77
1345018536.57,  1.77
1345018537.59,  1.77
1345018538.6,  1.77
1345018539.62,  1.71
1345018540.66,  1.71
1345018541.69,  1.71
1345018542.71,  1.71
1345018543.74,  1.97
1345018544.76,  1.97
1345018545.78,  1.97
1345018546.81,  1.97
1345018547.83,  1.97
1345018548.86,  1.97
1345018549.88,  1.97
1345018550.9,  1.97
1345018551.92,  1.97
1345018552.94,  1.97
1345018553.96,  1.81
1345018555.02,  1.81
1345018556.03,  1.81
1345018557.06,  1.81
1345018558.09,  1.81
1345018559.11,  1.91
1345018560.12,  1.91
1345018561.15,  1.91
1345018562.17,  1.91
1345018563.19,  1.91
1345018564.21,  1.92
1345018565.23,  1.92
1345018566.25,  1.92
1345018567.26,  1.92
1345018568.28,  1.92
1345018569.3,  2.0
1345018570.32,  2.0
1345018571.34,  2.0
1345018572.36,  2.0
1345018573.39,  2.0
1345018574.42,  2.0
1345018575.43,  2.0
1345018576.45,  2.0
1345018577.48,  2.0
1345018578.49,  2.0
1345018579.51,  1.84
1345018580.53,  1.84
1345018581.55,  1.84
1345018582.57,  1.84
1345018583.59,  1.84
1345018584.61,  1.86
1345018585.62,  1.86
1345018586.65,  1.86
1345018587.68,  1.86
1345018588.7,  1.86
1345018589.72,  1.79
1345018590.73,  1.79
1345018591.75,  1.79
1345018592.77,  1.79
1345018593.78,  1.72
1345018594.8,  1.72
1345018595.82,  1.72
1345018596.84,  1.72
1345018597.87,  1.72
1345018598.89,  1.67
1345018599.91,  1.67
1345018600.93,  1.67
1345018601.96,  1.67
1345018602.98,  1.67
1345018604.02,  1.61
1345018605.04,  1.61
1345018606.06,  1.61
1345018607.07,  1.61
1345018608.09,  1.61
1345018609.11,  1.64
1345018610.14,  1.64
1345018611.17,  1.64
1345018612.19,  1.64
1345018613.23,  1.64
1345018614.25,  1.59
1345018615.32,  1.59
1345018616.34,  1.59
1345018617.36,  1.59
1345018618.38,  1.59
1345018619.4,  1.54
1345018620.42,  1.54
1345018621.44,  1.54
1345018622.45,  1.54
1345018623.47,  1.54
1345018624.5,  1.5
1345018625.51,  1.5
1345018626.54,  1.5
1345018627.56,  1.5
1345018628.6,  1.5
1345018629.61,  1.54
1345018630.63,  1.54
1345018631.65,  1.54
1345018632.68,  1.54
1345018633.7,  1.54
1345018634.73,  1.42
1345018635.75,  1.42
1345018636.77,  1.42
1345018637.79,  1.42
1345018638.81,  1.46
1345018639.83,  1.46
1345018640.85,  1.46
1345018641.87,  1.46
1345018642.88,  1.46
1345018643.9,  1.43
1345018644.92,  1.43
1345018645.94,  1.43
1345018646.95,  1.43
1345018647.97,  1.43
1345018648.99,  1.31
1345018650.01,  1.31
1345018651.04,  1.31
1345018652.06,  1.31
1345018653.08,  1.31
1345018654.1,  1.37
1345018655.11,  1.37
1345018656.13,  1.37
1345018657.15,  1.37
1345018658.17,  1.37
1345018659.19,  1.26
1345018660.21,  1.26
1345018661.22,  1.26
1345018662.28,  1.26
1345018663.31,  1.26
1345018664.34,  1.4
1345018665.4,  1.4
1345018666.44,  1.4
1345018667.46,  1.4
1345018668.52,  1.4
1345018669.54,  1.53
1345018670.58,  1.53
1345018671.62,  1.53
1345018672.66,  1.53
1345018673.7,  1.53
1345018674.72,  1.48
1345018675.74,  1.48
1345018676.8,  1.48
1345018677.83,  1.48
1345018678.85,  1.45
1345018679.87,  1.45
1345018680.89,  1.45
1345018681.92,  1.45
1345018682.97,  1.45
1345018683.99,  1.41
1345018685.02,  1.41
1345018686.06,  1.41
1345018687.08,  1.41
1345018688.14,  1.41
1345018689.18,  1.54
1345018690.22,  1.54
1345018691.29,  1.54
1345018692.36,  1.54
1345018693.41,  1.54
1345018694.43,  1.65
1345018695.46,  1.65
1345018696.48,  1.65
1345018697.5,  1.65
1345018698.52,  1.65
1345018699.58,  1.76
1345018700.62,  1.76
1345018701.64,  1.76
1345018702.81,  1.76
1345018703.83,  1.76
1345018704.86,  1.7
1345018705.88,  1.7
1345018706.9,  1.7
1345018707.95,  1.7
1345018708.97,  1.57
1345018709.99,  1.57
1345018711.02,  1.57
1345018712.05,  1.57
1345018713.08,  1.57
1345018714.1,  1.44
1345018715.13,  1.44
1345018716.14,  1.44
1345018717.17,  1.44
1345018718.2,  1.44
1345018719.24,  1.72
1345018720.3,  1.72
1345018721.32,  1.72
1345018722.34,  1.72
1345018723.37,  1.72
1345018724.42,  1.67
1345018725.46,  1.67
1345018726.48,  1.67
1345018727.49,  1.67
1345018728.55,  1.67
1345018729.57,  1.69
1345018730.6,  1.69
1345018731.64,  1.69
1345018732.67,  1.69
1345018733.71,  1.69
1345018734.73,  1.64
1345018735.79,  1.64
1345018736.91,  1.64
1345018737.96,  1.64
1345018739.03,  1.75
1345018740.05,  1.75
1345018741.11,  1.75
1345018742.12,  1.75
1345018743.17,  1.75
1345018744.22,  1.85
1345018745.24,  1.85
1345018746.27,  1.85
1345018747.3,  1.85
1345018748.36,  1.85
1345018749.42,  1.78
1345018750.5,  1.78
1345018751.66,  1.78
1345018752.8,  1.78
1345018753.83,  1.78
1345018754.9,  1.72
1345018755.97,  1.72
1345018757.03,  1.72
1345018758.06,  1.72
1345018759.1,  1.66
1345018760.13,  1.66
1345018761.17,  1.66
1345018762.19,  1.66
1345018763.2,  1.66
1345018764.22,  1.77
1345018765.25,  1.77
1345018766.27,  1.77
1345018767.29,  1.77
1345018768.31,  1.77
1345018769.33,  2.03
1345018770.34,  2.03
1345018771.36,  2.03
1345018772.38,  2.03
1345018773.4,  2.03
1345018774.42,  2.02
1345018775.44,  2.02
1345018776.48,  2.02
1345018777.5,  2.02
1345018778.52,  2.02
1345018779.54,  2.1
1345018780.56,  2.1
1345018781.58,  2.1
1345018782.6,  2.1
1345018783.62,  2.1
1345018784.65,  2.01
1345018785.68,  2.01
1345018786.7,  2.01
1345018787.72,  2.01
1345018788.74,  2.01
1345018789.77,  2.01
1345018790.79,  2.01
1345018791.82,  2.01
1345018792.85,  2.01
1345018793.87,  2.01
1345018794.9,  1.93
1345018795.92,  1.93
1345018796.95,  1.93
1345018797.98,  1.93
1345018799.01,  2.02
1345018800.03,  2.02
1345018801.05,  2.02
1345018802.06,  2.02
1345018803.09,  2.02
1345018804.1,  1.85
1345018805.12,  1.85
1345018806.14,  1.85
1345018807.16,  1.85
1345018808.17,  1.85
1345018809.19,  1.79
1345018810.21,  1.79
1345018811.23,  1.79
1345018812.26,  1.79
1345018813.28,  1.79
1345018814.3,  1.64
1345018815.32,  1.64
1345018816.33,  1.64
1345018817.35,  1.64
1345018818.37,  1.64
1345018819.39,  1.51
1345018820.41,  1.51
1345018821.42,  1.51
1345018822.44,  1.51
1345018823.46,  1.51
1345018824.48,  1.39
1345018825.5,  1.39
1345018826.53,  1.39
1345018827.55,  1.39
1345018828.57,  1.39
1345018829.59,  1.28
