627.26400824
399.961190159
249.976651079
153.142294383
91.9612707077
54.1288609574
31.229636066
17.6611536369
9.79005934099
5.3194372513
2.83308866606
1.47900197333
0.756817996329
0.379601795603
0.186629020157
0.0899382026269
0.0424837987353
0.0196705540064
0.00892737855667
0.00397141636266
0.00173173327556
0.000740168676612
0.000310094867919
0.000127342415858
5.12589580664e-05
2.02261176027e-05
7.82744454323e-06
2.98264368607e-06
1.15315505732e-06
5.48235725896e-07
5.54917996594e-07
1.1803902382e-06
3.05898871724e-06
8.02986354336e-06
2.07498521809e-05
5.25864772884e-05
0.000130640436332
0.000318125986099
0.000759338243049
0.00177658329236
0.00407427174709
0.00915858799717
0.020180000062
0.0435840831356
0.0922675047235
0.191462509773
0.389433071243
0.776418763309
1.51730652372
2.90646259637
5.45720491926
10.0436112832
18.1185584038
32.0384498455
55.5307398834
94.3429681109
157.108514103
256.450775867
410.319752239
643.509467394
989.239770242
1490.60407957
2201.59359684
3187.32325761
4523.02700182
6291.38640382
8577.83422581
11463.6534473
15016.9784917
19282.1820655
24268.5545395
29939.5832827
36204.4290392
42913.2853801
49858.1244234
56779.8472336
63382.0983119
69351.0620212
74379.5813976
78193.1040851
80574.4386297
81384.2252019
80574.4386322
78193.1040901
74379.5814047
69351.06203
63382.0983219
56779.8472444
49858.1244345
42913.285391
36204.4290496
29939.5832922
24268.554548
19282.1820729
15016.9784979
11463.6534524
8577.8342299
6291.38640702
4523.02700427
3187.32325944
2201.59359817
1490.60408051
989.239770903
643.509467845
410.31975254
256.450776063
157.108514228
94.3429681889
55.5307399311
32.0384498741
18.1185584206
10.0436112927
5.45720492465
2.90646259933
1.51730652532
0.776418764149
0.389433071677
0.191462509993
0.0922675048322
0.0435840831884
0.0201800000874
0.00915858801006
0.00407427175657
0.0017765833086
0.00075933828929
0.000318126130986
0.000130640888835
5.25878653929e-05
2.07540262579e-05
8.04216383414e-06
3.094508213e-06
1.28089989908e-06
8.33615510212e-07
1.30548223147e-06
3.16926731948e-06
8.24232486252e-06
2.12725766227e-05
5.39024629955e-05
0.000133906878899
0.000326079273683
0.000778321742315
0.00182099788792
0.00417612854475
0.00938755269828
0.0206845000638
0.0446736852141
0.0945741923417
0.196249072518
0.399168898025
0.795829232392
1.55523918682
2.97912416128
5.59363504224
10.2947015652
18.5715223639
32.8394110916
56.9190083805
96.7015423136
161.036226955
262.862045263
420.577746045
659.597204079
1013.9707645
1527.86918155
2256.63343676
3267.00633905
4636.10267687
6448.67106391
8792.28008145
11750.2447835
15392.402954
19764.2366171
24875.268403
30688.0728648
37109.5397652
43986.1175146
51104.577534
58199.3434144
64966.6507697
71084.8385717
76239.0709325
80147.9316872
82588.7995954
83418.8308319
82588.799598
80147.9316923
76239.0709398
71084.8385808
64966.65078
58199.3434255
51104.5775454
43986.1175258
37109.5397758
30688.0728745
24875.2684117
19764.2366247
15392.4029604
11750.2447887
8792.28008565
6448.6710672
4636.10267938
3267.00634092
2256.63343812
1527.86918253
1013.97076518
659.597204541
420.577746353
262.862045464
161.036227083
96.7015423937
56.9190084294
32.8394111209
18.5715223811
10.2947015751
5.59363504776
2.97912416431
1.55523918845
0.795829233253
0.399168898469
0.196249072743
0.0945741924531
0.0446736852685
0.0206845000908
0.00938755271449
0.00417612856439
0.00182099793662
0.000778321891205
0.000326079737039
0.000133908299565
5.39067345982e-05
2.1285163894e-05
8.27867214795e-06
3.2721167865e-06
1.59066022229e-06
1.60844903353e-06
3.3437779472e-06
8.47603438374e-06
2.17983405623e-05
5.52083455503e-05
0.000137142237356
0.000333954897051
0.000797119228497
0.00186497707774
0.00427698675609
0.00961427265036
0.0211840539882
0.0457526049195
0.0968582653753
0.200988708176
0.408809275523
0.815049402758
1.59279996106
3.0510733579
5.728727615
10.5433301779
19.0200455009
33.6325197765
58.2936664021
99.0369932399
164.925432819
269.210459078
430.735171285
675.527217855
1038.45929803
1564.76893941
2311.1336704
3345.90821381
4748.06976686
6604.41371753
9004.62352675
12034.0264007
15764.1467843
20241.5651438
25476.0340913
31429.2243137
38005.7768566
45048.431687
52338.810516
59604.922966
66535.6683994
72801.617313
78080.3301779
82083.5943128
84583.4119242
85433.489348
84583.4119269
82083.5943181
78080.3301854
72801.6173222
66535.66841
59604.9229774
52338.8105277
45048.4316985
38005.7768675
31429.2243237
25476.0341002
20241.5651515
15764.1467908
12034.026406
9004.62353105
6604.4137209
4748.06976943
3345.90821573
2311.1336718
1564.7689404
1038.45929872
675.527218328
430.7351716
269.210459283
164.92543295
99.0369933219
58.2936664522
33.6325198065
19.0200455185
10.5433301879
5.72872762065
3.05107336101
1.59279996273
0.81504940364
0.408809275979
0.200988708407
0.0968582654898
0.0457526049762
0.0211840540188
0.00961427267711
0.00427698680899
0.0018649772314
0.000797119702964
0.000333956350116
0.000137146605579
5.52212169616e-05
2.18355073682e-05
8.58120024585e-06
3.63537154074e-06
2.40069344848e-06
3.69983554343e-06
8.77426680244e-06
2.23427749306e-05
5.65096536756e-05
0.000140348426716
0.000341753505799
0.000815730917394
0.00190852093202
0.00437684640349
0.0098387478604
0.021678661837
0.0468208422525
0.0991197238248
0.205681416749
0.41835420374
0.834079274408
1.62998884644
3.12231018625
5.86248263753
10.7894971211
19.4641278147
34.4177759002
59.6547139483
101.34932089
168.776131694
275.49601731
440.792027957
691.299508723
1062.70537083
1601.30335312
2365.09429778
3424.02888189
4858.92827181
6758.61436469
9214.86456169
12314.9982989
16132.2099826
20714.1676454
26070.8516045
32163.0376294
38893.1403134
46100.2278973
53560.8233695
60996.5858884
68089.1512012
74501.3982448
79903.3591337
84000.091962
86558.2756161
87428.20075
86558.2756189
84000.0919673
79903.3591414
74501.3982543
68089.151212
60996.5859001
53560.8233815
46100.2279091
38893.1403246
32163.0376397
26070.8516137
20714.1676533
16132.2099893
12314.9983044
9214.86456609
6758.61436813
4858.92827444
3424.02888385
2365.09429921
1601.30335414
1062.70537154
691.299509207
440.79202828
275.49601752
168.776131828
101.349320974
59.6547139995
34.4177759309
19.4641278327
10.7894971314
5.86248264332
3.12231018943
1.62998884815
0.83407927531
0.418354204206
0.205681416985
0.0991197239429
0.0468208423136
0.0216786618788
0.00983874792128
0.00437684656369
0.00190852141832
0.000815732402905
0.000341757969834
0.000140361579468
5.65476317504e-05
2.24502337843e-05
9.07221112736e-06
4.50931472518e-06
4.55569753023e-06
9.25692425298e-06
2.29501104888e-05
5.78223642284e-05
0.000143531098259
0.000349477057458
0.000834157473046
0.00195162967138
0.00447570755872
0.0100609783513
0.0221683236176
0.0478783972153
0.101358567691
0.210327198237
0.427803682675
0.852918847341
1.66680584297
3.1928346463
5.99490010984
11.0332023949
19.9037693054
35.1951794626
61.002151019
103.638525263
172.58832358
281.718719959
450.748316063
706.914076682
1086.7089829
1637.4724227
2418.51531888
3501.36834329
4968.67819171
6911.27300537
9423.00318629
12593.1604781
16496.592549
21182.0441219
26659.7209426
32889.512812
39771.6301357
47141.5061455
54770.6160945
62374.3321816
69627.0991749
76184.1813674
81708.1578
85897.4246346
88513.3906711
89402.965038
88513.3906739
85897.4246401
81708.1578078
76184.1813771
69627.099186
62374.3321935
54770.6161067
47141.5061575
39771.6301471
32889.5128225
26659.720952
21182.04413
16496.5925558
12593.1604837
9423.00319079
6911.27300889
4968.6781944
3501.36834529
2418.51532034
1637.47242374
1086.70898362
706.914077177
450.748316393
281.718720175
172.588323718
103.638525349
61.0021510714
35.195179494
19.9037693238
11.0332024054
5.99490011575
3.19283464956
1.66680584472
0.852918848264
0.427803683152
0.210327198479
0.101358567815
0.0478783972883
0.0221683236945
0.0100609785219
0.00447570805857
0.00195163118986
0.000834162032298
0.00034949048885
0.000143569879394
5.79320926884e-05
2.32543406814e-05
1.00834620798e-05
6.7560618614e-06
1.02490489853e-05
2.37428102367e-05
5.91916543128e-05
0.000146706571252
0.000357131324619
0.000852400895071
0.00199430397415
0.00457357044714
0.0102809641963
0.0226530393533
0.0489252698151
0.103574796975
0.214926052639
0.437157712328
0.871568121558
1.70325095065
3.26264673808
6.12598003192
11.2744459992
20.3389699729
35.9647304638
62.3359776142
105.90460636
176.362008478
287.878567027
460.604035602
722.370921732
1110.47013424
1673.27614814
2471.3967337
3577.926598
5077.31952656
7062.38963958
9629.03940054
12868.5129384
16857.2944833
21645.1945735
27242.6421056
33608.6498615
40641.2463234
48172.2664316
55968.188691
63738.1618455
71149.5123207
77849.9666807
83494.7261767
87775.5923308
90448.7570892
91357.7822119
90448.7570921
87775.5923364
83494.7261847
77849.9666906
71149.512332
63738.1618577
55968.1887034
48172.2664439
40641.246335
33608.6498721
27242.6421151
21645.1945818
16857.2944903
12868.5129441
9629.03940514
7062.38964317
5077.3195293
3577.92660005
2471.3967352
1673.2761492
1110.47013498
722.370922238
460.604035939
287.878567247
176.362008618
105.904606447
62.3359776678
35.9647304959
20.3389699917
11.27444601
6.12598003796
3.2626467414
1.70325095244
0.871568122501
0.437157712816
0.21492605289
0.103574797113
0.0489252699247
0.0226530395424
0.0102809647136
0.00457357200012
0.00199430862851
0.000852414602621
0.000357170900704
0.000146818545977
5.9502105528e-05
2.45862305948e-05
1.2494305058e-05
1.26127565223e-05
2.5052631462e-05
6.07425214679e-05
0.000149920959419
0.000364732965442
0.000870467076124
0.0020365458816
0.00467043576124
0.0104987056256
0.0231328091188
0.0499614600758
0.105768411686
0.21947797996
0.446416292699
0.890027097058
1.73932416947
3.33174646157
6.25572240377
11.5132279341
20.7697298174
36.7264289038
63.656193734
108.14756418
180.097186387
293.975558512
470.359186574
737.670043873
1133.98882486
1708.71452944
2523.73854225
3653.70364604
5184.85227635
7211.96426732
9832.97320444
13141.0556796
17214.3157857
22103.6190001
27819.6150934
34320.4487777
41501.9888765
49192.5087556
57153.5411589
65088.0748803
72656.3906384
79498.7541846
85263.0642639
89634.5950505
92364.3748703
93292.6522719
92364.3748733
89634.5950562
85263.064272
79498.7541947
72656.3906499
65088.0748927
57153.5411716
49192.5087681
41501.9888884
34320.4487887
27819.6151032
22103.6190085
17214.3157928
13141.0556855
9832.97320913
7211.96427099
5184.85227916
3653.70364813
2523.73854378
1708.71453053
1133.98882562
737.67004439
470.359186919
293.975558737
180.09718653
108.14756427
63.6561937887
36.7264289365
20.7697298365
11.5132279451
6.25572240994
3.33174646497
1.7393241713
0.890027098023
0.446416293201
0.219477980227
0.105768411862
0.0499614603005
0.0231328096618
0.0104987072168
0.00467044051163
0.00203655986332
0.000870507439276
0.000364847163191
0.000150237566856
6.16026482624e-05
2.73423107762e-05
1.85851904401e-05
2.77589261208e-05
6.28133682296e-05
0.000153301768512
0.000372329020549
0.000888373009746
0.00207836140522
0.00476630558352
0.0107142033456
0.0236076331491
0.0509869680738
0.107939411847
0.223982980205
0.455579423792
0.908295773843
1.77502549945
3.40013381678
6.3841272254
11.7495481996
21.1960488386
37.4802747825
64.9627993783
110.367398724
183.793857307
300.009694415
480.01376898
752.811443106
1157.26505475
1743.78756661
2575.54074453
3728.6994874
5291.2764411
7359.99688858
10034.804598
13410.7887019
17567.6564561
22557.3174016
28390.6399061
35024.9095609
42353.8577951
50202.2331175
58326.6734982
66424.0712858
74147.7341281
81130.5438792
87013.1720615
91474.4327937
94260.2440145
95207.5752178
94260.2440175
91474.4327995
87013.1720698
81130.5438896
74147.7341399
66424.0712984
58326.6735112
50202.2331303
42353.8578072
35024.909572
28390.639916
22557.3174102
17567.6564634
13410.7887079
10034.8046028
7359.99689233
5291.27644397
3728.69948953
2575.54074609
1743.78756772
1157.26505552
752.811443633
480.013769331
300.009694644
183.793857453
110.367398815
64.9627994341
37.4802748159
21.1960488582
11.7495482108
6.3841272317
3.40013382024
1.77502550131
0.908295774831
0.455579424316
0.223982980514
0.107939412142
0.0509869686597
0.0236076347867
0.0107142081952
0.00476631983848
0.00207840254805
0.000888489407507
0.00037265171951
0.000154178425694
6.51470023048e-05
3.384587816e-05
3.41421445949e-05
6.6300601851e-05
0.000157193976526
0.000380049477579
0.000906166653731
0.00211976787039
0.00486118604303
0.0109274594796
0.0240775121643
0.0520017940485
0.110087797536
0.2284410534
0.464647105614
0.926374151915
1.81035494056
3.46780880371
6.51119449681
11.9834067957
21.6179270368
38.2262681
66.2557945471
112.564109991
187.452021238
305.980974735
489.567782819
767.79511943
1180.29882391
1778.49525964
2626.80334054
3802.91412207
5396.5920208
7506.48750338
10234.5335812
13677.7120052
17917.3164945
23006.2897781
28955.7165437
35722.0322108
43196.8530791
51201.4395173
59487.5857091
67746.151062
75623.5427897
82745.3357645
88745.0495695
93295.1055603
96136.3645219
97102.5510497
96136.3645249
93295.1055663
88745.049578
82745.3357751
75623.5428018
67746.151075
59487.5857223
51201.4395303
43196.8530915
35722.0322222
28955.7165538
23006.2897869
17917.3165019
13677.7120113
10234.5335861
7506.4875072
5396.59202372
3802.91412425
2626.80334213
1778.49526077
1180.2988247
767.795119968
489.567783177
305.980974969
187.452021387
112.564110084
66.2557946041
38.2262681341
21.6179270567
11.9834068071
6.51119450323
3.46780880724
1.81035494247
0.926374152934
0.464647106185
0.228441053832
0.1100877982
0.0520017957499
0.0240775171208
0.0109274740092
0.00486122795924
0.00211988644566
0.000906495379752
0.000380942489203
0.000159571096928
7.25008508955e-05
4.99883132611e-05
7.35275192698e-05
0.000162510864874
0.000388245820195
0.000923980451281
0.00216081414237
0.00495509479352
0.0111384802731
0.0245424483282
0.0530059387338
0.112213568998
0.232852199625
0.473619338189
0.944262231282
1.84531249283
3.53477142235
6.63692421798
12.2148037223
22.0353644117
38.9644088562
67.5351792405
114.737697982
191.071678181
311.889399473
499.021228091
782.621072846
1203.09013234
1812.83760853
2677.52633027
3876.34755006
5500.79901545
7651.4361117
10432.160154
13941.8255896
18263.2959009
23450.5361297
29514.8450061
36411.8167276
44030.9747285
52190.1279549
60636.2777914
69054.3142091
77083.8166234
84343.1298405
90458.696788
95096.6133505
97992.7363922
98977.5797676
97992.7363954
95096.6133566
90458.6967966
84343.1298512
77083.8166357
69054.3142223
60636.2778049
52190.1279682
44030.9747412
36411.8167392
29514.8450164
23450.5361386
18263.2959085
13941.8255958
10432.160159
7651.4361156
5500.79901843
3876.34755229
2677.52633189
1812.83760968
1203.09013314
782.621073394
499.021228456
311.889399711
191.071678333
114.737698077
67.5351792986
38.964408891
22.0353644321
12.214803734
6.63692422454
3.53477142595
1.84531249478
0.944262232358
0.473619338891
0.232852200435
0.112213570799
0.0530059438142
0.0245424631383
0.0111385229586
0.0049552155249
0.00216114883151
0.000924889641639
0.000390665958596
0.000168823189855
8.96597838871e-05
9.03855010096e-05
0.000171618116802
0.000397848022837
0.000942172321934
0.0022016350936
0.00504808159796
0.0113472837045
0.0250024480013
0.0539994043334
0.114316726979
0.237216419127
0.4824961216
0.961960011969
1.87989815625
3.60102167271
6.76131638894
12.4437389795
22.4483609636
39.6946970512
68.8009534585
116.888162696
194.652828134
317.734968629
508.374104796
797.289303353
1225.63898004
1846.81461328
2727.70971373
3948.99977138
5603.89742505
7794.84271355
10627.6843165
14203.1294549
18605.5946754
23890.0564561
30068.0252934
37094.2631113
44856.2227434
53168.2984305
61772.7497451
70348.5607269
78528.555629
85923.9261072
92154.1137169
96878.9561642
99829.3596257
100832.661371
99829.3596289
96878.9561704
92154.1137257
85923.9261181
78528.5556415
70348.5607403
61772.7497589
53168.2984441
44856.2227563
37094.2631231
30068.0253039
23890.0564653
18605.5946831
14203.1294612
10627.6843216
7794.84271752
5603.89742808
3948.99977364
2727.70971538
1846.81461446
1225.63898086
797.289303911
508.374105169
317.734968872
194.652828289
116.888162793
68.8009535176
39.6946970866
22.4483609843
12.4437389914
6.76131639562
3.6010216764
1.87989815828
0.961960013187
0.482496122691
0.237216421096
0.114316732219
0.0539994194395
0.0250024914569
0.0113474065729
0.00504842218738
0.00220256028751
0.000944635010247
0.000404271202793
0.000188033358857
0.000131490432021
0.000190511322169
0.000411263694804
0.000961688752022
0.0022425950097
0.0051402837317
0.0115539204248
0.0254575294833
0.0549821973216
0.116397273724
0.241533712668
0.491277456099
0.979467494059
1.91411193086
3.6665595548
6.88437100967
12.6702125673
22.8569166923
40.417132685
70.0531172009
119.015504134
198.195471099
323.517682202
517.626412935
811.799810951
1247.94536702
1880.4262739
2777.35349091
4020.87078601
5705.8872496
7936.70730893
10821.1060687
14461.6236013
18944.2128178
24324.8507576
30615.2574056
37769.3713618
45672.5971237
54135.950944
62897.0015704
71628.8906155
79957.7598066
87487.7245645
93831.3003562
98642.1340015
101646.234222
102667.795861
101646.234226
98642.1340077
93831.3003652
87487.7245756
79957.7598194
71628.8906292
62897.0015844
54135.9509578
45672.5971368
37769.3713738
30615.2574163
24324.8507669
18944.2128257
14461.6236077
10821.1060739
7936.70731297
5705.88725269
4020.87078831
2777.35349259
1880.4262751
1247.94536785
811.799811519
517.626413314
323.51768245
198.195471257
119.015504232
70.0531172611
40.417132721
22.8569167134
12.6702125794
6.88437101648
3.6665595586
1.91411193305
0.979467495682
0.491277458373
0.241533718137
0.11639728916
0.0549822415577
0.0254576544745
0.0115542668541
0.00514122475513
0.00224509978037
0.00096822156624
0.000427958795895
0.000232316193115
0.000234057111737
0.000434591490486
0.00098497881665
0.00228465670775
0.00523207177666
0.011758530086
0.0259077443036
0.055954336316
0.118455215818
0.245804082529
0.499963342459
0.996784677809
1.94795381674
3.73138506865
7.00608808019
12.8942244856
23.2610315979
41.1317157575
71.2916704679
121.119722295
201.699607076
329.237540194
526.778152507
826.15259564
1270.00929327
1913.67259038
2826.45766182
4091.96059396
5806.7684891
8077.02989784
11012.4254105
14717.3080286
19279.1503283
24754.9190341
31156.5413426
38437.1414791
46480.0978694
55093.0854954
64009.0332671
72895.3038749
81371.4291562
89034.5252125
95490.256706
100386.146862
103443.360182
104482.983237
103443.360185
100386.146869
95490.2567152
89034.5252239
81371.4291692
72895.3038888
64009.0332813
55093.0855094
46480.0978827
38437.1414913
31156.5413535
24754.9190435
19279.1503363
14717.3080352
11012.4254157
8077.02990195
5806.76849225
4091.96059631
2826.45766353
1913.6725916
1270.00929412
826.152596219
526.778152893
329.237540445
201.699607236
121.119722396
71.2916705292
41.1317157942
23.2610316194
12.8942244979
7.00608808716
3.73138507263
1.94795381936
0.996784680644
0.499963348296
0.245804098365
0.118455260864
0.0559544634255
0.0259080965172
0.0117594867673
0.00523461816331
0.00229129793606
0.00100195065863
0.000477088498152
0.000338319801998
0.000482945999086
0.00101824308993
0.00233031026842
0.00532442469955
0.0119614894966
0.0263532344644
0.0569158737145
0.120490572194
0.25002753541
0.508553783003
1.01391156401
1.98142381414
3.79549821434
7.12646760053
13.1157747345
23.6607056803
41.8384462688
72.5166132595
123.20081718
205.165236063
334.894542602
535.829323512
840.347657421
1291.83075879
1946.55356273
2875.02222646
4162.26919523
5906.54114356
8215.81048028
11201.6423419
14970.182737
19610.4072068
25180.2612855
31691.8771045
39097.5734633
47278.7249806
56039.7020846
65108.8448352
74147.800505
82769.5636778
90564.3280512
97130.9827663
102110.994746
105220.737505
106278.223499
105220.737508
102110.994753
97130.9827755
90564.3280628
82769.563691
74147.8005192
65108.8448497
56039.7020989
47278.7249941
39097.5734757
31691.8771156
25180.2612951
19610.4072149
14970.1827437
11201.6423473
8215.81048446
5906.54114675
4162.26919762
2875.02222819
1946.55356397
1291.83075965
840.347658009
535.829323905
334.894542858
205.165236227
123.200817282
72.5166133218
41.8384463061
23.6607057022
13.1157747471
7.12646760775
3.79549821878
1.98142381801
1.01391157047
0.508553799376
0.250027581331
0.120490701437
0.0569162316667
0.026354206637
0.0119640770353
0.00533117312295
0.00234755573368
0.00106142443135
0.000588885569115
0.000592975330025
0.00107684133213
0.00238585704073
0.00541987312633
0.0121637935916
0.0267943829308
0.0578669538433
0.122503396109
0.254204090553
0.517048784538
1.03084815501
2.01452192388
3.85889899213
7.24550957076
13.334863314
24.0559389396
42.5373242189
73.7279455756
125.258788788
208.592358062
340.488689429
544.779925951
854.384996293
1313.40976358
1979.06919093
2923.04718482
4231.79658982
6005.20521296
8353.04905624
11388.756863
15220.2477264
19937.9834533
25600.877512
32221.2646913
39750.6673143
48068.4784572
56975.8007118
66196.4362749
75386.380506
84152.1633714
92077.1330806
98753.478537
103816.677654
106978.36619
108053.516647
106978.366194
103816.677661
98753.4785464
92077.1330923
84152.1633848
75386.3805204
66196.4362896
56975.8007263
48068.478471
39750.667327
32221.2647025
25600.8775217
19937.9834616
15220.2477332
11388.7568685
8353.0490605
6005.20521621
4231.79659225
2923.04718659
1979.06919219
1313.40976446
854.384996891
544.77992635
340.488689689
208.592358228
125.258788892
73.7279456389
42.5373242568
24.0559389619
13.3348633269
7.2455095785
3.85889899787
2.01452193145
1.03084817218
0.517048831469
0.25420422198
0.122503759773
0.0578679413505
0.0267970111627
0.0121706479936
0.00543738909847
0.00242971491352
0.00118443865141
0.000851610627934
0.00119799880285
0.00246689916865
0.00552481803613
0.0123680130822
0.0272322004254
0.0588079657543
0.124493834185
0.258333802063
0.525448366614
1.04759445774
2.04724814834
3.92158740284
7.36321399117
13.5514902242
24.4467313759
43.2283496078
74.9256674162
127.29363712
211.980973072
346.019980673
553.629959823
868.264612256
1334.74630764
2011.219475
2970.53253691
4300.54277773
6102.76069731
8488.74562574
11573.7689738
15467.5029969
20261.8790678
26016.7677134
32744.7041029
40396.4230322
48849.3582992
57901.3813769
67271.807586
76611.0438777
85519.228237
93572.9403007
100357.744018
105503.195585
108716.246239
109808.86268
108716.246243
105503.195592
100357.744028
93572.9403126
85519.2282506
76611.0438923
67271.807601
57901.3813916
48849.3583132
40396.423045
32744.7041144
26016.7677233
20261.8790762
15467.5030038
11573.7689793
8488.74563006
6102.76070061
4300.5427802
2970.5325387
2011.21947628
1334.74630854
868.264612864
553.629960228
346.019980937
211.980973241
127.293637226
74.9256674806
43.2283496463
24.4467313986
13.5514902378
7.36321400027
3.92158741237
2.04724816679
1.04759450594
0.525448500348
0.258334171452
0.12449483689
0.0588106342306
0.0272391595946
0.0123857964473
0.00556934463908
0.00257613510723
0.00146056791874
0.00146997612137
0.00261123241922
0.00565510116924
0.0125806474327
0.0276692972839
0.0597399357763
0.126462281493
0.262416818836
0.533752584177
1.06415049204
2.07960249455
3.98356344891
7.47958086257
13.7656554654
24.8330829891
43.9115224354
76.1097787814
129.305362175
215.331081094
351.488416335
562.379425128
881.986505311
1355.84039098
2043.00441493
3017.47828272
4368.50775896
6199.20759662
8622.90018876
11756.6786742
15711.9485483
20582.0940504
26427.9318898
33262.1953394
41034.8406169
49621.3645067
58816.4440798
68334.9587685
77821.7906201
86870.7582745
95051.7497114
101943.77921
107170.54854
110434.377651
111544.2616
110434.377655
107170.548547
101943.779219
95051.7497235
86870.7582883
77821.790635
68334.9587837
58816.4440948
49621.3645209
41034.8406299
33262.195351
26427.9318999
20582.0940589
15711.9485553
11756.6786798
8622.90019315
6199.20759997
4368.50776146
3017.47828455
2043.00441623
1355.84039189
881.986505929
562.37942554
351.488416604
215.331081265
129.305362283
76.1097788469
43.9115224747
24.8330830126
13.7656554804
7.47958087556
3.98356346951
2.07960254451
1.06415062833
0.533752959372
0.26241783664
0.126464989786
0.0597469985117
0.0276873449334
0.0126258349672
0.0057659565984
0.00287768940174
0.0020974857347
0.0029084313925
0.00584908215738
0.0128177751924
0.0281122703113
0.0606655134097
0.128409779787
0.266453541888
0.541961588366
1.0805163137
2.11158498267
4.04482713746
7.59461018743
13.9773590384
25.2149937796
44.5868427019
77.2802796711
131.293963954
218.642682126
356.893996415
571.028321866
895.550675457
1376.69201359
2074.42401073
3063.88442226
4435.69153351
6294.54591087
8755.51274531
11937.4859642
15953.5843808
20898.6284009
26834.3700411
33773.7384008
41665.9200684
50384.4970795
59720.9888207
69385.8898225
79018.6207334
88206.753484
96513.5613128
103511.584112
108818.736518
112132.760426
113259.713406
112132.76043
108818.736525
103511.584122
96513.5613251
88206.753498
79018.6207485
69385.889838
59720.9888359
50384.497094
41665.9200817
33773.7384126
26834.3700514
20898.6284096
15953.5843879
11937.4859699
8755.51274977
6294.54591428
4435.69153605
3063.88442412
2074.42401205
1376.69201451
895.550676084
571.028322284
356.893996687
218.6426823
131.293964063
77.2802797378
44.5868427423
25.2149938047
13.9773590574
7.59461021172
4.04482719004
2.11158512199
1.08051669491
0.541962621243
0.266456289606
0.128416944908
0.0606838222454
0.0281581109841
0.012930230986
0.00611938105647
0.00354497698652
0.00356616959012
0.0061976340876
0.013118313215
0.0285774320785
0.0615913916552
0.13033901727
0.270445028217
0.550075786076
1.09669207607
2.14319566929
4.10537848894
7.70830197301
14.1866009457
25.5924637482
45.2543104077
78.4371700856
133.259442457
221.91577617
362.236720912
579.576650038
908.957122694
1397.30117547
2105.47826239
3109.75095553
4502.09410137
6388.77564007
8886.58329539
12116.190844
16192.4104943
21211.4821195
27236.0821675
34279.333287
42289.6613868
51138.7560179
60615.0155994
70424.600748
80201.5342174
89527.2138655
97958.375105
105061.158724
110447.75952
113811.394564
114955.218098
113811.394568
110447.759527
105061.158734
97958.3751174
89527.2138797
80201.5342327
70424.6007637
60615.0156149
51138.7560325
42289.6614003
34279.333299
27236.0821779
21211.4821283
16192.4105015
12116.1908497
8886.58329992
6388.77564353
4502.09410395
3109.75095741
2105.47826373
1397.3011764
908.957123331
579.576650462
362.236721189
221.915776347
133.259442567
78.4371701536
45.2543104499
25.5924637776
14.1866009763
7.70830202977
4.10537863217
2.14319605696
1.09669312412
0.550078572903
0.270452294582
0.130357584214
0.0616378776834
0.0286914691158
0.0133924080832
0.00684310752436
0.0050554245035
0.00691135614963
0.0135744175806
0.0291042500182
0.0625341143176
0.132256781994
0.274394004272
0.558096249367
1.11267819185
2.17443470996
4.16521756077
7.82065624003
14.3933811947
25.9654928974
45.9139255534
79.580450025
135.201797683
225.150363225
367.516589827
588.024409643
922.205847023
1417.66787662
2136.16716991
3155.07788252
4567.71546256
6481.89678423
9016.111839
12292.7933133
16428.4268888
21520.6552061
27633.0682689
34778.9799981
42906.064572
51884.1413216
61498.5244161
71451.091545
81370.5310722
90832.139419
99386.1910877
106592.503047
112057.617545
115470.280066
116630.775675
115470.280069
112057.617553
106592.503057
99386.1911004
90832.1394334
81370.5310878
71451.0915609
61498.5244317
51884.1413365
42906.0645857
34778.9800103
27633.0682794
21520.655215
16428.4268961
12292.7933192
9016.11184359
6481.89678774
4567.71546518
3155.07788443
2136.16717127
1417.66787757
922.205847669
588.024410073
367.516590108
225.150363404
135.201797795
79.5804500953
45.9139256002
25.9654929387
14.3933812582
7.82065638871
4.16521795574
2.17443577352
1.1126810176
0.558103615908
0.274412826287
0.132303905616
0.0626497134887
0.0293820949134
0.0142287107248
0.00842093279856
0.00846767498602
0.0143995778005
0.0297861477099
0.0635336927664
0.134179846212
0.27830735201
0.566025742471
1.12847574799
2.20530252312
4.22434451065
7.9316730467
14.5976998063
26.3340812348
46.5656881418
80.7101194902
137.121029633
228.346443292
372.733603159
596.371600681
935.296848443
1437.79211704
2166.49073329
3199.86520324
4632.55561707
6573.90934334
9144.09837613
12467.2933723
16661.6335643
21826.1476607
28025.3283452
35272.6785341
43515.1296241
52620.6529908
62371.5152706
72465.3622134
82525.6112978
92121.5301444
100797.009261
108105.61708
113648.310594
117109.41693
118286.386139
117109.416934
113648.310601
108105.617091
100797.009274
92121.5301591
82525.6113136
72465.3622295
62371.5152865
52620.6530059
43515.129638
35272.6785464
28025.3283559
21826.1476698
16661.6335717
12467.2933783
9144.09838079
6573.90934689
4632.55561972
3199.86520518
2166.49073467
1437.792118
935.296849098
596.371601118
372.733603444
228.346443474
137.121029748
80.7101195655
46.5656882007
26.3340813093
14.5976999623
7.93167344809
4.22434558383
2.20530536995
1.12848316657
0.566044694547
0.278354796176
0.134296219956
0.0638133704287
0.0304446857364
0.0159187763754
0.011901267327
0.0160237166249
0.0307207637374
0.0644284256268
0.135606008558
0.281075819285
0.571580457336
1.13952037684
2.22687487792
4.26566292389
8.00925134747
14.7404767733
26.5916490263
47.0211367107
81.4995270728
138.462179671
230.57984864
376.379226934
602.204577551
944.444777146
1451.85483927
2187.68069324
3231.16236712
4677.86560455
6638.2072762
9233.53475148
12589.2331726
16824.5972653
22039.6243158
28299.4377961
35617.6726918
43940.7413472
53135.3237958
62981.5570726
73174.1296684
83332.7757928
93022.5501695
101782.882202
109162.973875
114759.879231
118254.837871
119443.318752
118254.837875
114759.879238
109162.973885
101782.882215
93022.5501843
83332.7758087
73174.1296847
62981.5570886
53135.323811
43940.7413612
35617.6727042
28299.4378069
22039.6243249
16824.5972728
12589.2331786
9233.53475619
6638.2072798
4677.86560723
3231.16236907
2187.68069464
1451.85484024
944.444777808
602.204577992
376.379227222
230.579848825
138.462179792
81.4995271597
47.0211368014
26.5916491889
14.7404771698
8.00925239344
4.26566568938
2.22688207644
1.13953875437
0.571626435757
0.281188529839
0.135876712936
0.0650654169178
0.0321892446068
0.0193402814203
0.0192393427795
0.0318238826228
0.0642152197003
0.134051247168
0.277390029166
0.563896087249
1.12412496901
2.19675923624
4.20796391446
7.90091083972
14.5410819399
26.231942493
46.3850793003
80.3970785777
136.589194281
227.460782553
371.287924767
594.058523647
931.669221544
1432.2155203
2158.08781814
3187.45425895
4614.58786341
6548.4118872
9108.63222729
12418.9379343
16597.0100277
21741.4931251
27916.6297698
35135.8705061
43346.3525615
52416.5593957
62129.6021422
72184.2992571
82205.5288257
91764.2291
100406.059647
107686.32042
113207.516135
116655.198281
117827.602517
116655.198284
113207.516142
107686.320431
100406.05966
91764.2291146
82205.5288414
72184.2992732
62129.6021581
52416.5594107
43346.3525753
35135.8705184
27916.6297805
21741.4931341
16597.0100351
12418.9379402
9108.63223193
6548.41189074
4614.58786605
3187.45426088
2158.08781951
1432.21552126
931.669222196
594.058524082
371.287925052
227.460782739
136.589194411
80.3970786943
46.3850794761
26.2319428895
14.5410829638
7.90091353295
4.20797091435
2.19677709396
1.12416962197
0.564005488991
0.277652638798
0.134668827176
0.0656380711289
0.0350353044054
0.0263399195153
0.0347195057824
0.064818316157
0.132874549246
0.273904709386
0.556372107364
1.10894675453
2.16702639016
4.15098160473
7.79390956677
14.3441494175
25.8766770223
45.7568745387
79.3082405893
134.739332178
224.380223458
366.259478183
586.013038309
919.05138885
1412.81866206
2128.86028716
3144.28575705
4552.09132894
6459.72508324
8985.27170957
12250.7451063
16372.2325091
21447.0425664
27538.5477685
34660.0164955
42759.3019089
51706.6686302
61288.165174
71206.6889743
81092.1984878
90521.4428586
99046.2349014
106227.897256
111674.318016
115075.307327
116231.833395
115075.307331
111674.318023
106227.897266
99046.234914
90521.442873
81092.1985032
71206.6889901
61288.1651896
51706.6686451
42759.3019225
34660.0165076
27538.5477791
21447.0425753
16372.2325164
12250.7451122
8985.27171414
6459.72508674
4552.09133155
3144.28575895
2128.86028852
1412.818663
919.051389494
586.01303874
366.259478468
224.380223653
134.739332336
79.30824079
45.7568749467
25.8766780425
14.3441520802
7.79391647508
4.15099922193
2.16707043788
1.10905467128
0.556631151099
0.274513902412
0.134278076321
0.0679861192969
0.0417236334096
0.0415102285981
0.0672211008224
0.132525923524
0.2708213652
0.54909681698
1.09402360103
2.13769223436
4.09472252505
7.68825015496
14.1496802402
25.5258530126
45.1365225762
78.2330131633
132.912593383
221.338171364
361.293887185
578.06812154
906.591279065
1393.66426455
2099.99810033
3101.65686142
4490.37600116
6372.14686433
8863.45319832
12084.6546887
16150.2647095
21156.2726398
27165.1917923
34190.11066
42179.5893894
51005.6514993
60457.2461679
70241.29882
79992.7847791
89294.1914452
97703.4079652
104787.704381
110160.284873
113515.165011
114656.011387
113515.165014
110160.28488
104787.704391
97703.4079776
89294.1914594
79992.7847944
70241.2988357
60457.2461833
51005.6515139
42179.5894029
34190.110672
27165.1918026
21156.2726485
16150.2647167
12084.6546945
8863.45320283
6372.14686778
4490.37600374
3101.6568633
2099.99810167
1393.66426548
906.591279702
578.068121969
361.293887477
221.338171586
132.912593623
78.2330135927
45.1365235992
25.5258556491
14.1496870606
7.68826753621
4.09476597617
2.13779868571
1.09427912508
0.549697731308
0.272205817322
0.135650671219
0.0741300255166
0.0564743237377
0.0734718909929
0.133964623972
0.268579468422
0.542267203449
1.07944190583
2.1087938504
4.03920225121
7.5839390077
13.9576769848
25.1794714789
44.5240238041
77.1713964473
131.108977949
218.334626289
356.391151781
570.223773341
894.28889219
1374.75232776
2071.50125763
3059.56757207
4429.44188006
6285.67723047
8743.17669354
11920.6666815
15931.1066289
20869.1833451
26796.561841
33726.1529997
41607.2150031
50313.508003
59636.8451238
69288.1287943
78907.2876996
88082.4748599
96377.5788383
103365.741795
108665.416706
111974.771331
113100.136494
111974.771334
108665.416713
103365.741805
96377.5788506
88082.4748739
78907.2877147
69288.1288097
59636.845139
50313.5080174
41607.2150164
33726.1530115
26796.5618513
20869.1833537
15931.106636
11920.6666871
8743.17669799
6285.67723388
4429.4418826
3059.56757392
2071.50125895
1374.75232868
894.288892822
570.223773774
356.391152099
218.334626591
131.108978415
77.1713974831
44.5240264212
25.1794782165
13.9576941356
7.58398187144
4.03930725712
2.10904590119
1.08003464986
0.543632830082
0.271661723905
0.140779591927
0.0882324735352
0.0877907787917
0.139211114688
0.268125229899
0.53631676341
1.06539597817
2.08041646108
3.9844573607
7.48099148904
13.7681459675
24.8375349631
43.9193792237
76.1233908275
129.328486024
215.369588286
351.551271989
562.479993719
882.144228228
1356.08285171
2043.36975907
3018.017889
4369.28896564
6200.31618167
8624.44219523
11758.7810845
15714.7582673
20585.7746824
26432.6579148
33268.1435145
41042.17875
49630.2381412
58826.9620419
68347.1788971
77835.7072494
86886.2931025
95068.7475207
101962.009499
107189.713517
110454.126288
111564.208714
110454.126292
107189.713523
101962.009509
95068.7475328
86886.2931163
77835.7072642
68347.1789123
58826.9620569
49630.2381554
41042.1787631
33268.1435262
26432.6579249
20585.7746909
15714.7582743
11758.7810902
8624.44219962
6200.31618502
4369.28896814
3018.01789082
2043.36976037
1356.08285262
882.144228861
562.479994176
351.551272385
215.36958881
129.328487087
76.1233934354
43.9193858859
24.8375518904
13.768188254
7.48109507004
3.98470598499
2.0810011434
1.06674302889
0.539357089978
0.274847487345
0.153770885997
0.11868116763
0.152428079423
0.271451629694
0.532178837243
1.05231341851
2.05275173286
3.93057191727
7.37944367903
13.5811023436
24.5000496954
43.3225913422
75.0889972915
127.571117988
212.443057502
346.774247862
554.836782694
870.157287185
1337.65583639
2015.60360465
2977.00781219
4309.9172579
6116.06371791
8507.24970339
11598.997898
15501.2196247
20306.0466516
26073.4800136
32816.0822045
40484.48063
48955.841914
58027.5969221
67418.4491284
76778.0434283
85705.6461732
93776.9140125
100576.507493
105733.175303
108953.229882
110048.228049
108953.229886
105733.17531
100576.507502
93776.9140244
85705.6461868
76778.043443
67418.4491434
58027.5969369
48955.8419281
40484.4806429
32816.082216
26073.4800235
20306.04666
15501.2196316
11598.9979035
8507.24970773
6116.06372122
4309.91726037
2977.00781399
2015.60360594
1337.6558373
870.157287838
554.836783226
346.774248475
212.443058614
127.571120601
75.089003889
43.3226080553
24.5000914163
13.5812045211
7.37968892416
3.93114864684
2.05408045746
1.05531237957
0.538809630471
0.285813291168
0.182898138378
0.182003222465
0.282664715359
0.531819290135
1.04111486941
2.02622144905
3.87773498001
7.27937849788
13.3965817022
24.167030625
42.7336663053
74.0682183123
125.836874814
209.555034309
342.060079544
547.294140318
858.328069079
1319.4712818
1988.20279437
2936.53734166
4251.32675684
6032.9198392
8391.59921803
11441.3171218
15290.490701
20029.9992529
25719.0281374
32369.9690696
39934.1206432
48290.3193214
57238.7497644
66501.9394882
75734.2962366
84540.5340718
92502.0783136
99209.2357759
104295.802066
107472.082113
108552.194497
107472.082117
104295.802073
99209.2357854
92502.0783254
84540.5340853
75734.296251
66501.9395031
57238.7497789
48290.3193352
39934.1206559
32369.9690809
25719.0281472
20029.9992612
15290.4907078
11441.3171272
8391.5992223
6032.91984246
4251.32675928
2936.53734345
1988.20279565
1319.47128273
858.328069804
547.294141061
342.060080735
209.55503695
125.836881362
74.0682348236
42.7337074744
24.167131422
13.3968236164
7.2799473842
3.87904562859
2.02917960821
1.04765544482
0.545985543235
0.312720180797
0.244463658493
0.310038071856
0.539288305615
1.03373945034
2.00173372701
3.82636259401
7.18098243265
13.2146658356
23.8385128569
42.1526188586
73.0610599521
124.125758943
206.705519671
337.408767403
539.852066731
846.656573964
1301.52918798
1961.16732824
2896.60647741
4193.51746247
5950.88454554
8277.49073914
11285.7387559
15082.5714963
19757.6324861
25369.3022862
31929.8041098
39391.0987896
47633.6703633
56460.4205687
65597.6499766
74704.465674
83390.9567985
91244.240424
97860.1943486
102877.593806
106010.682981
107076.10806
106010.682985
102877.593813
97860.1943579
91244.2404356
83390.9568118
74704.4656883
65597.6499913
56460.4205831
47633.670377
39391.0988021
31929.804121
25369.3022959
19757.6324943
15082.571503
11285.7387613
8277.49074335
5950.88454876
4193.51746487
2896.60647918
1961.16732953
1301.52918897
846.656574895
539.852068044
337.408770101
206.705526191
124.125775269
73.0611005864
42.1527183
23.8387514898
13.2152269891
7.18227525588
3.82928051522
2.00818533121
1.04771299664
0.568934913962
0.371648821361
0.369874008625
0.562746929115
1.03418225299
1.98120130969
3.77735052415
7.08466586926
13.0355386941
23.5145770707
41.5794836296
72.0675367558
122.437776353
203.894515992
332.820312388
532.510562298
835.142801976
1283.82955496
1934.49720627
2857.21521945
4136.48937477
5869.95783693
8164.92426672
11132.2628004
14877.4620106
19488.9463514
25024.30246
31495.5873251
38855.4150691
46985.8950398
55692.6093352
64705.5805936
73688.5517406
82256.9143533
90003.4003437
96529.3832109
101478.550522
104569.032486
105619.968736
104569.03249
101478.550529
96529.3832201
90003.4003552
82256.9143663
73688.5517547
64705.580608
55692.6093494
46985.8950533
38855.4150814
31495.5873362
25024.3024696
19488.9463594
14877.4620172
11132.2628057
8164.92427088
5869.95784011
4136.48937716
2857.21522122
1934.49720762
1283.82955615
835.142803466
532.510565094
332.820318912
203.894532157
122.437816475
72.0676348699
41.5797190331
23.5151306031
13.0368139435
7.08754411699
3.78371440406
1.99498485095
1.06342574078
0.623519924437
0.49357908798
0.618275825782
1.05049336305
1.96856496909
3.73258550596
6.9913123927
12.8596050834
23.1954047155
41.0143402009
71.0876828802
120.772941393
201.122029171
328.294716872
525.269627954
823.786753477
1266.37238288
1908.19242852
2818.36356778
4080.24249377
5790.13971337
8053.89980077
10980.8892552
14675.1622439
19223.9408486
24684.0286588
31067.3187156
38327.0694817
46346.9933509
54935.3160638
63825.7313391
72686.5544365
81138.406736
88779.5580727
95216.8023627
100098.672215
103147.130628
104183.776527
103147.130631
100098.672221
95216.8023718
88779.558084
81138.4067489
72686.5544504
63825.7313533
54935.3160778
46346.9933642
38327.0694939
31067.3187265
24684.0286683
19223.9408565
14675.1622504
10980.8892605
8053.89980488
5790.13971652
4080.24249615
2818.3635696
1908.19243006
1266.37238462
823.786756428
525.269634523
328.294732909
201.122068807
120.773038213
71.0879151091
41.0148862262
23.1966626441
12.862444223
6.99758979578
3.74618174427
1.99741107305
1.11044053664
0.740299946991
0.736854870769
1.09853496233
1.97176541096
3.69595476396
6.90278310029
12.6877365814
22.8813950959
40.4573675558
70.1215768262
119.131287755
198.388073361
323.831986674
518.129266041
812.588429388
1249.15767211
1882.25299512
2780.05152247
4024.77681948
5711.43017487
7944.4173413
10831.6181204
14475.6721962
18962.6159777
24348.4808827
30644.9982812
37806.0620276
45716.9652965
54188.5407545
62958.1022131
71698.4737616
80035.4339467
87572.7136111
93922.451804
98737.9588839
101744.977407
102767.531431
101744.97741
98737.9588902
93922.451813
87572.7136222
80035.4339595
71698.4737753
62958.1022271
54188.5407683
45716.9653096
37806.0620396
30644.998292
24348.480892
18962.6159856
14475.6722026
10831.6181256
7944.41734536
5711.43017801
4024.7768219
2780.05152447
1882.25299719
1249.15767528
812.588436058
518.129281992
323.832025862
198.388168925
119.131516869
70.1221154613
40.4586084185
22.8841956941
12.693928756
6.91619473826
3.72440922114
2.03089869545
1.21890243813
0.97682795425
1.20886642319
2.00644949472
3.67529120376
6.82291244121
12.5217690163
22.573407955
39.9089595765
69.1693951466
117.512892874
195.692681796
319.432135754
511.089482297
801.547832019
1232.18542354
1856.67890642
2742.27908364
3970.09235194
5633.82922145
7836.4768883
10684.449396
14278.9918674
18704.9717389
24017.6591316
30228.626022
37292.3927065
45095.8108768
53452.2834073
62102.6932156
70724.3097159
78947.9959855
86382.8669588
92646.3315349
97396.4105295
100362.572823
101371.23345
100362.572826
97396.4105357
92646.3315438
86382.8669698
78947.9959981
70724.3097295
62102.6932294
53452.2834209
45095.8108897
37292.3927184
30228.6260326
24017.6591408
18704.9717467
14278.9918738
10684.4494011
7836.47689234
5633.82922462
3970.09235454
2742.27908616
1856.67890991
1232.18543038
801.547847941
511.089521083
319.43223011
195.69290786
117.51342424
69.1706192015
39.911722202
22.5795161507
12.5349987574
6.85098098917
3.7336225321
2.12518463803
1.44558532979
1.43904071832
2.10276227432
3.68602952332
6.75942710074
12.365484834
22.2732542213
39.3699643443
68.2315263803
115.917930906
193.035930861
315.095196895
504.150290494
790.664967032
1215.45563946
1831.47016331
2705.04625164
3916.1890913
5557.33685316
7730.07844181
10539.3830819
14085.1212577
18451.0081321
23691.5634055
29818.2019378
36786.0615187
44483.5300915
52726.5440222
61259.5043467
69764.0622995
77876.0928523
85210.0181158
91388.4415554
96074.0271516
98999.9168751
99994.8825826
98999.9168783
96074.0271577
91388.4415642
85210.0181266
77876.0928647
69764.0623128
61259.5043603
52726.5440356
44483.5301043
36786.0615304
29818.2019483
23691.5634145
18451.0081397
14085.1212639
10539.383087
7730.07844586
5557.33685648
3916.1890944
2705.04625555
1831.47017042
1215.45565543
790.665005476
504.1503837
315.095419984
193.036455086
115.919138416
68.234251605
39.3759898128
22.2863047703
12.3931732112
6.8169684064
3.80315664737
2.33627552665
1.89499461991
2.31747763435
3.75790664256
6.72755277634
12.2265060795
21.9846651097
38.8421682568
67.3088071195
114.346785128
190.417992353
310.821245448
497.311722971
779.939848009
1198.96832546
1806.62676806
2668.35302735
3863.06703788
5481.95307012
7625.22200186
10396.4191782
13894.0603669
18200.7251572
23370.1937044
29413.7260289
36287.0684639
43880.1229409
52011.3225992
60428.5356063
68817.7315123
76819.7245471
84054.1670821
90148.7818655
94770.8087502
97657.0095646
98638.4788293
97657.0095677
94770.8087562
90148.7818741
84054.1670928
76819.7245593
68817.7315254
60428.5356197
52011.3226124
43880.1229535
36287.0684755
29413.7260392
23370.1937133
18200.7251648
13894.0603731
10396.4191832
7625.22200606
5481.95307393
3863.06704234
2668.35303482
1806.62678415
1198.96836364
779.939940136
497.311943168
310.821762667
190.419183585
114.349473527
67.3147511156
38.8550423205
22.0119790557
12.2832692967
6.84309619487
3.98826276353
2.76726752331
2.7551009832
3.94692918738
6.75662443825
12.1198526104
21.7151596043
38.3292520703
66.4029996002
112.800280813
187.839244362
306.610450884
490.573854058
769.372506854
1182.72349492
1782.14872616
2632.199413
3810.72619256
5407.67787267
7521.90756859
10255.5576849
13705.8091951
17954.1228144
23053.5500283
29015.198295
35795.4135424
43285.5894248
51306.6191383
59609.7869944
67885.3173543
75778.8910699
82915.3138577
88927.3524651
93486.7553253
96333.850891
97302.0221899
96333.8508941
93486.7553312
88927.3524736
82915.3138683
75778.891082
67885.3173672
59609.7870077
51306.6191514
43285.5894372
35795.4135538
29015.1983052
23053.5500371
17954.1228218
13705.8092013
10255.5576901
7521.90757326
5407.67787781
3810.72620053
2632.19942934
1782.14876416
1182.72358606
769.372724257
490.574364418
306.611626116
187.841896519
112.806144596
66.4156998883
38.3561973269
21.7711566687
12.233836638
6.98387195129
4.39064991386
3.60360299575
4.35619331991
6.90189328312
12.0744636319
21.4795548843
37.8386332878
65.517734892
111.280156407
185.300501019
302.463186187
483.936850938
758.963016892
1166.72117933
1758.03605083
2596.58541401
3759.16655754
5334.51126167
7420.13514232
10116.7986021
13520.3677424
17711.2011035
22741.6323773
28622.6187363
35311.096754
42699.9295433
50612.4336395
58803.2585111
66966.8198255
74753.5924207
81793.4584427
87724.1533542
92221.8668768
95030.4408544
95985.5126646
95030.4408574
92221.8668827
87724.1533626
81793.4584531
74753.5924326
66966.8198383
58803.2585242
50612.4336524
42699.9295555
35311.0967652
28622.6187463
22741.632386
17711.2011109
13520.3677487
10116.7986078
7420.13514829
5334.51127025
3759.16657424
2596.58545196
1758.03614107
1166.72139405
758.963520551
483.938010456
302.465802692
185.306285853
111.292685634
65.5443172037
37.893876137
21.5920038367
12.2986510612
7.33963969775
5.19327257257
5.17114140804
7.26506834432
12.1448467407
21.3064005738
37.384929571
64.6603305968
109.789994064
182.803477346
298.380254518
477.401081568
748.711543053
1150.96145102
1734.28877312
2561.51104344
3708.38813817
5262.45323928
7319.90472391
9980.14193023
13337.7360089
17471.9600247
22434.4407513
28235.9873527
34834.1180988
42123.1432963
49928.7661028
58008.9501563
66062.2389259
73743.8285996
80688.6008369
86539.1845329
90976.1434049
93746.7794547
94688.9502533
93746.7794576
90976.1434107
86539.1845412
80688.6008472
73743.8286113
66062.2389385
58008.9501692
49928.7661155
42123.1433084
34834.1181099
28235.9873626
22434.4407599
17471.9600322
13337.7360156
9980.14193716
7319.90473326
5262.45325648
3708.38817618
2561.51113291
1734.28898529
1150.96194815
748.712687157
477.40366302
298.385961676
182.81583823
109.81621918
64.714831171
37.495867766
21.5275764449
12.5767136949
8.09090642841
6.71763291613
8.02910409622
12.4313459589
21.2494724991
36.9963071474
63.8452080195
108.337013065
180.351707354
294.363347843
470.96733831
738.618448345
1135.4444727
1710.9069644
2526.97633189
3658.39094731
5191.50381079
7221.21631548
9845.58767007
13157.9139948
17236.3995781
22131.9751503
27855.3041443
34364.4775767
41555.230684
49255.6165282
57226.8619301
65171.5746556
72749.5996065
79600.7410405
85372.4460012
89749.5849094
92482.8666918
93412.334956
92482.8666948
89749.5849151
85372.4460094
79600.7410507
72749.5996181
65171.574668
57226.8619428
49255.6165408
41555.2306959
34364.4775877
27855.3041541
22131.9751591
17236.399586
13157.9140028
9845.58768032
7221.21633332
5191.50384901
3658.39103615
2526.97654166
1710.90745519
1135.4456017
738.620995356
470.972969074
294.375543113
180.377581027
108.390783309
63.9546597776
37.2145199876
21.6755548456
13.2461244665
9.55488918072
9.5155027156
13.1144682809
21.4077717888
36.7258219022
63.1001561754
106.935441519
177.952313582
290.415952805
464.637290444
728.684514504
1120.17060251
1687.89078519
2492.9813498
3609.17501518
5121.66298889
7124.06992225
9713.13582373
12980.9017011
17004.519764
21834.2355746
27480.569111
33902.1751878
40996.1917062
48592.9849157
56456.9938324
64294.8270145
71770.9054414
78529.8790534
84223.937759
88542.1913905
91238.7025659
92155.6667727
91238.7025688
88542.1913961
84223.9377671
78529.8790634
71770.9054528
64294.8270268
56456.9938449
48592.9849281
40996.1917179
33902.1751987
27480.569121
21834.2355838
17004.5197731
12980.9017124
9713.13584233
7124.06996081
5121.66307725
3609.1752227
2492.98183446
1687.89189942
1120.17311571
728.690070169
464.649322837
290.441480799
178.005365446
107.043431165
63.3154545148
37.1462144954
22.2116723133
14.6198874232
12.276035974
14.5114307445
21.9593983705
36.6711541878
62.4775228381
105.612697413
175.619334106
286.545096781
458.414378016
718.911388495
1105.14061174
1665.24058884
2459.52625552
3560.74041126
5052.9308034
7028.46555675
9582.78639634
12806.6991298
16776.3205831
21541.2220244
27111.7822531
33447.2109322
40446.026363
47940.8712654
55699.3458632
63431.9960026
70807.7461043
77476.0148757
83093.6598064
87353.962848
90014.287077
90918.9457035
90014.2870798
87353.9628536
83093.6598144
77476.0148855
70807.7461155
63431.9960147
55699.3458756
47940.8712776
40446.0263747
33447.2109431
27111.7822634
21541.2220347
16776.3205955
12806.6991493
9582.78643539
7028.46564478
5052.93100884
3560.74089001
2459.52735533
1665.24306887
1105.14609361
718.923260759
458.439566102
286.597442221
175.72588597
105.825129786
62.8923205355
37.4643583243
23.4447920531
17.2352526456
17.1666813693
23.2173562916
37.0080372788
62.0736897016
104.420432239
173.379822069
282.764630971
452.305534821
709.302464537
1090.3561254
1642.95713636
2426.6113977
3513.0872918
4985.30732285
6934.40324839
9454.53940028
12635.306286
16551.8020377
21252.9345006
26748.9435709
32999.5848098
39904.7346544
47299.2755771
54953.9180226
62583.08162
69860.1215952
76439.1485072
81981.6121434
86184.899282
88809.6202249
89702.1717483
88809.6202277
86184.8992875
81981.6121512
76439.1485169
69860.1216063
62583.0816319
54953.9180348
47299.2755893
39904.7346661
32999.5848211
26748.9435823
21252.934514
16551.8020581
12635.3063257
9454.53948812
6934.40345193
4985.30779593
3513.08837755
2426.61384522
1642.96254577
1090.3678403
709.327318499
452.357185806
282.86976939
173.589437014
104.829729902
62.856379048
38.4737459862
25.9050920206
21.9925547174
25.7188956333
38.0453343808
62.0620638007
103.45375115
171.284744509
279.10124986
446.324428347
699.864584424
1075.82049265
1621.04203118
2394.23752724
3466.21600081
4918.79270143
6841.88306479
9328.39486456
12466.7231819
16330.9641326
20969.3730051
26392.053065
32559.2968212
39372.3165806
46668.197851
54220.7103105
61748.0838665
68928.0319141
75419.2799481
80887.7947699
85035.0006925
87624.7020098
88505.3449071
87624.7020125
85035.0006979
80887.7947776
75419.2799577
68928.0319251
61748.0838784
54220.7103227
46668.1978632
39372.3165926
32559.2968336
26392.0530795
20969.3730265
16330.9641729
12466.7232697
9328.39506638
6841.88353243
4918.79377349
3466.21841649
2394.24286553
1621.05359149
1075.84501829
699.915552932
446.428177668
279.308095925
171.688637003
104.226107308
63.5084280199
40.6976091244
30.4811210563
30.3643509799
40.3132234496
62.7474396477
102.883775353
169.427952156
275.605247864
440.497400603
690.611235091
1061.54046488
1599.49857819
2362.40622637
3420.12727926
4853.3872786
6750.90515811
9204.35285591
12300.949846
16113.8068799
20690.5375428
26041.1107376
32126.3469669
38848.7721418
46047.6380873
53499.722727
60927.0027424
68011.4770611
74416.4091983
79812.207686
83904.2670795
86459.5324315
87328.4651799
86459.5324343
83904.2670849
79812.2076936
74416.4092077
68011.477072
60927.0027541
53499.7227392
46047.6380997
38848.7721549
32126.3469824
26041.11076
20690.5375839
16113.8069677
12300.9500463
9204.35331835
6750.90621686
4853.38966312
3420.13254777
2362.4176349
1599.52278131
1061.5907629
690.713619673
440.701526345
276.003830064
170.190156733
104.311135575
65.3648785955
45.0129250715
38.626279674
44.7002533265
64.6530488864
103.011302818
167.978320807
272.369243405
434.874085211
681.568412258
1047.52935161
1578.33343991
2331.12075646
3374.82268852
4789.09178555
6661.46986332
9082.41352448
12137.9863444
15900.3303079
20416.4281258
25696.1165935
31700.7352491
38334.1013389
45437.596286
52790.9552723
60119.8382475
67110.4570361
73430.5362578
78754.8508916
82792.698443
85314.1114902
86171.5325667
85314.1114929
82792.6984483
78754.8508991
73430.5362672
67110.4570469
60119.8382592
52790.9552848
45437.5962996
38334.101355
31700.7352723
25696.1166352
20416.4282136
15900.3305067
12137.9868018
9082.41457028
6661.47221739
4789.09698566
3374.83394807
2331.1446429
1578.38307946
1047.63039583
681.769866243
435.267452
273.121478015
169.387017527
105.594531163
69.2913508339
52.8542936107
52.6598245265
68.6558688499
104.352744689
167.232724031
269.559907282
429.545890406
672.785100581
1033.81280848
1557.55975167
2300.38769278
3330.30544725
4725.9077632
6573.57790204
8962.57720085
11977.832825
15690.5344815
20147.0447818
25357.0706444
31282.4616725
37828.3041737
44838.0724482
52094.4079465
59326.590382
66224.9718392
72461.6611266
77715.7243868
81700.294783
84188.4391858
85034.5470676
84188.4391885
81700.2947882
77715.7243942
72461.661136
66224.97185
59326.5903941
52094.4079601
44838.0724647
37828.3041974
31282.4617147
25357.0707323
20147.0449792
15690.5349341
11977.8338582
8962.57952513
6573.58303512
4725.91887658
3330.32902285
2300.43668588
1557.6594799
1034.01163929
673.173346853
430.288336672
270.950281004
169.782366972
108.930771093
76.7039998851
66.5111937042
76.1904993226
107.773721025
167.70087829
267.470260817
424.677322399
664.351520225
1020.43918299
1537.20283515
2270.21999957
3286.58204503
4663.83838824
6487.23079508
8844.8445972
11820.4896143
15484.419547
19882.3875749
25023.9729178
30871.5262486
37331.3806511
44249.0665756
51410.0807505
58547.2591462
65355.0214705
71509.7838049
76694.8281715
80627.0560995
83082.5155184
83917.5086824
83082.515521
80627.0561047
76694.828179
71509.7838142
65355.0214816
58547.2591593
51410.080767
44249.0665996
37331.3806936
30871.5263365
25023.9731138
19882.3880229
15484.4205679
11820.4919095
8844.84966462
6487.24176512
4663.86165884
3286.63040371
2270.31843623
1537.39909138
1020.82240365
665.084359782
426.049713636
269.986943559
172.219753285
115.717921976
89.8631045708
89.5464192686
114.690386978
170.237260604
266.603451597
420.557622415
656.430053229
1007.49752936
1517.31041257
2240.64267079
3243.66527818
4602.89006613
6402.43167792
8729.21721464
11665.9574151
15281.9858264
19622.4566496
24696.823477
30467.9290047
36843.3307823
43670.5786729
50737.9736862
57781.8445408
64500.6059303
70574.9042926
75692.1622459
79572.9823925
81996.3404879
82820.4174114
81996.3404905
79572.9823977
75692.1622534
70574.9043023
64500.6059424
57781.8445568
50737.9737101
43670.5787155
36843.3308699
30467.9291993
24696.8239203
19622.4576586
15281.9880931
11665.9624182
8729.22804417
6402.45464939
4602.93780244
3243.76244768
2240.83640106
1517.68870255
1008.22094385
657.784802503
423.041970173
271.064299326
178.07951064
128.187640046
112.286422607
127.363021371
176.239937587
267.803027841
417.683494981
649.306232866
995.148145869
1497.97039431
2211.70281518
3201.57981912
4543.07542847
6319.18687352
8615.69814822
11514.2377092
15083.2340136
19367.2523237
24375.6224646
30071.6700033
36364.1545944
43102.6087515
50078.0867581
57030.3465678
63661.7252193
69657.0225901
74707.7266101
78538.0736621
80929.9140943
81743.2732543
80929.9140969
78538.0736673
74707.7266179
69657.0226008
63661.7252343
57030.3465911
50078.0868003
43102.6088385
36364.1547872
30071.6704419
24375.6234617
19367.2545625
15083.2389537
11514.248401
8615.72082641
6319.23399952
4543.17135523
3201.77107205
2212.07626941
1498.6845654
996.485593717
651.758870864
422.087439595
275.545306139
189.565250228
149.813560408
149.309381923
187.940565473
272.449323723
416.887773746
643.470446419
983.67292999
1479.34103529
2183.4872214
3160.37217494
4484.41883229
6237.50885188
8504.29363994
11365.3335519
14888.1655713
19116.7752822
24060.3701943
29682.7493849
35893.8521488
42545.1568377
49430.4199775
56292.7652316
62838.3793393
68756.1386981
73741.5212642
77522.3299083
79883.2363377
80686.0762114
79883.2363405
77522.3299139
73741.5212731
68756.1387117
62838.3793615
56292.765273
49430.4200635
42545.1570287
35893.8525827
29682.7503703
24060.3724057
19116.7801605
14888.1761281
11365.3559427
8504.34016767
6237.60356034
4484.6076565
3160.74088837
2184.19233077
1480.66152226
986.094483467
647.81861208
424.532059493
285.606107698
210.107398138
185.864896566
208.812779371
282.745950435
419.533416545
639.745027202
973.556077573
1461.70066934
2156.15214144
3120.12803469
4426.96619487
6157.42166086
8395.0160014
11219.251106
14696.783516
18871.0269691
23751.0673423
29301.1674593
35432.4235846
41998.2229926
