2012-08-15T00:48:55.325439
1345016935.43,  465308
1345016936.46,  465784
1345016937.48,  467064
1345016938.49,  469780
1345016939.51,  470800
1345016940.54,  470880
1345016941.56,  472372
1345016942.58,  472372
1345016943.6,  474452
1345016944.63,  477172
1345016945.65,  497364
1345016946.68,  500952
1345016947.71,  503260
1345016948.73,  508440
1345016949.75,  511776
1345016950.76,  478908
1345016951.78,  479516
1345016952.82,  485504
1345016953.83,  489420
1345016954.86,  489916
1345016955.87,  490432
1345016956.88,  491112
1345016957.94,  492036
1345016958.97,  492044
1345016959.98,  493288
1345016961.02,  492388
1345016962.04,  494872
1345016963.11,  513976
1345016964.14,  514876
1345016965.17,  514772
1345016966.23,  497880
1345016967.26,  497936
1345016968.3,  500656
1345016969.37,  501004
1345016970.42,  502708
1345016971.44,  503180
1345016972.45,  507688
1345016973.5,  510620
1345016974.56,  505740
1345016975.58,  505272
1345016976.59,  505272
1345016977.61,  505276
1345016978.63,  507124
1345016979.65,  507832
1345016980.7,  508804
1345016981.73,  509040
1345016982.75,  499568
1345016983.76,  502176
1345016984.78,  502972
1345016985.8,  502968
1345016986.82,  503940
1345016987.87,  507312
1345016988.9,  513928
1345016989.92,  515384
1345016990.94,  516560
1345016991.96,  511828
1345016992.98,  512044
1345016994.0,  512308
1345016995.04,  515688
1345016996.06,  513976
1345016997.08,  514760
1345016998.09,  516740
1345016999.11,  518216
1345017000.13,  521000
1345017001.15,  521008
1345017002.17,  521004
1345017003.18,  521528
1345017004.2,  522852
1345017005.22,  523088
1345017006.25,  526404
1345017007.28,  526412
1345017008.31,  526920
1345017009.33,  528500
1345017010.34,  528732
1345017011.36,  528728
1345017012.4,  535512
1345017013.43,  546832
1345017014.46,  545596
1345017015.49,  546648
1345017016.54,  518732
1345017017.6,  523140
1345017018.65,  520588
1345017019.7,  537168
1345017020.75,  557956
1345017021.89,  561096
1345017022.95,  553632
1345017024.04,  523520
1345017025.1,  523512
1345017026.12,  523912
1345017027.15,  522516
1345017028.21,  522400
1345017029.28,  525572
1345017030.32,  526356
1345017031.36,  526620
1345017032.4,  521028
1345017033.42,  523620
1345017034.44,  525104
1345017035.46,  525772
1345017036.48,  525760
1345017037.5,  525516
1345017038.54,  525516
1345017039.56,  525900
1345017040.58,  526004
1345017041.6,  525964
1345017042.63,  525972
1345017043.65,  525980
1345017044.68,  533476
1345017045.71,  556504
1345017046.72,  569768
1345017047.76,  577188
1345017048.77,  577184
1345017049.79,  579164
1345017050.84,  587040
1345017051.88,  595180
1345017053.04,  614268
1345017054.06,  620524
1345017055.08,  643208
1345017056.12,  646212
1345017057.14,  646612
1345017058.17,  656712
1345017059.19,  664728
1345017060.21,  664956
1345017061.24,  666600
1345017062.27,  666588
1345017063.29,  666656
1345017064.31,  666656
1345017065.33,  621128
1345017066.34,  621128
1345017067.36,  621124
1345017068.38,  621132
1345017069.4,  620040
1345017070.41,  621080
1345017071.44,  621084
1345017072.47,  621080
1345017073.49,  621416
1345017074.52,  621676
1345017075.54,  621936
1345017076.56,  621940
1345017077.58,  621948
1345017078.6,  621980
1345017079.68,  622208
1345017080.7,  624268
1345017081.71,  624268
1345017082.78,  625060
1345017083.79,  625068
1345017084.81,  625320
1345017085.86,  626344
1345017086.87,  628008
1345017087.9,  634928
1345017088.92,  638412
1345017089.94,  618744
1345017090.97,  620332
1345017091.99,  623628
1345017093.01,  623872
1345017094.03,  616336
1345017095.05,  617388
1345017096.07,  617380
1345017097.1,  617816
1345017098.13,  618600
1345017099.15,  619552
1345017100.16,  619552
1345017101.18,  619552
1345017102.2,  619812
1345017103.22,  620592
1345017104.24,  620616
1345017105.27,  620844
1345017106.29,  620840
1345017107.32,  619636
1345017108.37,  620684
1345017109.39,  621416
1345017110.41,  621944
1345017111.47,  617524
1345017112.5,  622896
1345017113.52,  629292
1345017114.54,  629736
1345017115.56,  630076
1345017116.57,  620940
1345017117.59,  621200
1345017118.61,  622260
1345017119.63,  622292
1345017120.66,  619948
1345017121.68,  620208
1345017122.71,  621264
1345017123.72,  621264
1345017124.74,  621392
1345017125.77,  621416
1345017126.78,  621688
1345017127.8,  623036
1345017128.82,  623032
1345017129.84,  623036
1345017130.86,  623040
1345017131.88,  623296
1345017132.9,  624348
1345017133.91,  626656
1345017134.93,  637448
1345017135.96,  638576
1345017137.0,  633956
1345017138.03,  636124
1345017139.05,  636916
1345017140.07,  639244
1345017141.09,  627288
1345017142.12,  627288
1345017143.15,  628984
1345017144.18,  629224
1345017145.19,  629224
1345017146.21,  629488
1345017147.22,  629532
1345017148.24,  629536
1345017149.26,  629840
1345017150.28,  630620
1345017151.3,  630620
1345017152.31,  630828
1345017153.33,  630832
1345017154.35,  631080
1345017155.37,  631332
1345017156.4,  631496
1345017157.42,  631500
1345017158.44,  631496
1345017159.46,  631492
1345017160.47,  631912
1345017161.49,  632108
1345017162.5,  632964
1345017163.52,  633220
1345017164.54,  633216
1345017165.56,  633220
1345017166.58,  633212
1345017167.6,  633224
1345017168.62,  633432
1345017169.63,  633428
1345017170.65,  633432
1345017171.67,  633432
1345017172.68,  633432
1345017173.7,  633632
1345017174.72,  633628
1345017175.73,  633628
1345017176.75,  633628
1345017177.77,  633880
1345017178.79,  637416
1345017179.82,  637408
1345017180.83,  637408
1345017181.86,  641252
1345017182.87,  641828
1345017183.89,  641824
1345017184.91,  641832
1345017185.92,  642012
1345017186.94,  642016
1345017187.96,  642012
1345017188.98,  642016
1345017190.0,  642312
1345017191.01,  642308
1345017192.03,  642308
1345017193.05,  642308
1345017194.07,  642304
1345017195.09,  642312
1345017196.11,  642308
1345017197.13,  642304
1345017198.15,  642248
1345017199.18,  642248
1345017200.19,  642252
1345017201.22,  642248
1345017202.25,  640788
1345017203.3,  642684
1345017204.34,  644700
1345017205.37,  644844
1345017206.39,  644860
1345017207.42,  644860
1345017208.46,  645336
1345017209.5,  645356
1345017210.52,  645468
1345017211.55,  645644
1345017212.62,  645872
1345017213.65,  646004
1345017214.67,  646836
1345017215.69,  646896
1345017216.74,  648672
1345017217.76,  649104
1345017218.78,  648048
1345017219.8,  648296
1345017220.83,  648296
1345017221.85,  648484
1345017222.86,  648484
1345017223.88,  648480
1345017224.9,  648912
1345017225.92,  648916
1345017226.94,  648908
1345017227.96,  648912
1345017228.98,  649160
1345017229.99,  649164
1345017231.01,  649152
1345017232.03,  649160
1345017233.05,  649372
1345017234.07,  649376
1345017235.08,  649372
1345017236.1,  649528
1345017237.12,  649528
1345017238.14,  649528
1345017239.17,  649612
1345017240.19,  649624
1345017241.21,  649624
1345017242.23,  649800
1345017243.25,  649924
1345017244.27,  649916
1345017245.28,  649920
1345017246.3,  650324
1345017247.32,  650328
1345017248.34,  650324
1345017249.36,  650324
1345017250.38,  650452
1345017251.4,  650616
1345017252.43,  650624
1345017253.45,  650736
1345017254.46,  651148
1345017255.48,  651144
1345017256.5,  651340
1345017257.52,  651336
1345017258.53,  651340
1345017259.55,  651468
1345017260.56,  651468
1345017261.58,  651464
1345017262.6,  651668
1345017263.62,  651920
1345017264.63,  651920
1345017265.65,  651924
1345017266.66,  651924
1345017267.69,  651920
1345017268.7,  652136
1345017269.72,  652136
1345017270.74,  652596
1345017271.76,  652588
1345017272.77,  652804
1345017273.79,  652796
1345017274.81,  652816
1345017275.83,  652968
1345017276.85,  652960
1345017277.88,  653164
1345017278.9,  653172
1345017279.92,  653164
1345017280.96,  653292
1345017282.0,  653316
1345017283.02,  653636
1345017284.03,  653628
1345017285.06,  653624
1345017286.08,  653628
1345017287.11,  653628
1345017288.12,  653824
1345017289.14,  653828
1345017290.16,  653976
1345017291.18,  654092
1345017292.2,  654088
1345017293.21,  654252
1345017294.23,  654252
1345017295.24,  654252
1345017296.27,  654392
1345017297.31,  654400
1345017298.34,  654500
1345017299.77,  654948
1345017300.79,  654952
1345017301.81,  655120
1345017302.83,  655128
1345017303.85,  655236
1345017304.87,  667904
1345017305.96,  676380
1345017306.98,  676376
1345017308.0,  676496
1345017309.01,  676504
1345017310.03,  676496
1345017311.05,  676628
1345017312.07,  676632
1345017313.09,  676632
1345017314.11,  676768
1345017315.13,  676768
1345017316.15,  676768
1345017317.18,  677380
1345017318.2,  677600
1345017319.22,  677604
1345017320.24,  677792
1345017321.26,  677800
1345017322.28,  677800
1345017323.29,  677948
1345017324.31,  677944
1345017325.33,  677948
1345017326.34,  678084
1345017327.36,  678080
1345017328.38,  678088
1345017329.4,  678076
1345017330.41,  678084
1345017331.43,  678284
1345017332.45,  678288
1345017333.47,  678288
1345017334.5,  678472
1345017335.52,  678568
1345017336.54,  678572
1345017337.56,  678600
1345017338.58,  678732
1345017339.59,  678996
1345017340.61,  679112
1345017341.63,  679416
1345017342.65,  679420
1345017343.67,  679676
1345017344.69,  679676
1345017345.7,  679816
1345017346.73,  679816
1345017347.75,  679952
1345017348.77,  679948
1345017349.79,  679948
1345017350.81,  680096
1345017351.83,  680360
1345017352.85,  680360
1345017353.87,  680360
1345017354.88,  680356
1345017355.9,  680364
1345017356.92,  680360
1345017357.95,  680468
1345017358.96,  680472
1345017359.98,  680472
1345017361.0,  680468
1345017362.02,  680468
1345017363.03,  680468
1345017364.05,  680632
1345017365.07,  680740
1345017366.09,  680772
1345017367.11,  680772
1345017368.13,  680888
1345017369.15,  680884
1345017370.17,  680892
1345017371.19,  681032
1345017372.21,  681440
1345017373.23,  681436
1345017374.25,  681672
1345017375.27,  681672
1345017376.29,  681672
1345017377.31,  681796
1345017378.33,  681792
1345017379.35,  681788
1345017380.38,  681792
1345017381.39,  681788
1345017382.41,  681796
1345017383.43,  681796
1345017384.45,  681796
1345017385.46,  681952
1345017386.48,  681952
1345017387.5,  681960
1345017388.52,  682128
1345017389.54,  682128
1345017390.56,  682116
1345017391.58,  682272
1345017392.59,  682888
1345017393.62,  683740
1345017394.64,  683924
1345017395.66,  684172
1345017396.68,  684168
1345017397.77,  684400
1345017398.8,  684480
1345017399.82,  684480
1345017400.84,  684592
1345017401.86,  684600
1345017402.87,  684604
1345017403.89,  684720
1345017404.91,  684872
1345017405.92,  684868
1345017406.95,  685032
1345017407.97,  685032
1345017408.99,  685032
1345017410.08,  685184
1345017411.09,  664176
1345017412.11,  664168
1345017413.14,  664336
1345017414.16,  664364
1345017415.19,  664372
1345017416.22,  665928
1345017417.24,  666160
1345017418.26,  666160
1345017419.28,  666308
1345017420.3,  666312
1345017421.32,  666312
1345017422.33,  666460
1345017423.35,  666456
1345017424.4,  666652
1345017425.45,  665872
1345017426.51,  666688
1345017427.55,  697580
1345017428.56,  700740
1345017429.59,  702060
1345017430.62,  701676
1345017431.63,  649332
1345017432.65,  649316
1345017433.68,  663208
1345017434.71,  663420
1345017435.75,  664472
1345017436.77,  665308
1345017437.79,  653256
1345017438.81,  661956
1345017439.83,  662220
1345017440.87,  665852
1345017441.92,  698960
1345017442.94,  706120
1345017443.96,  706128
1345017444.99,  654624
1345017446.02,  660540
1345017447.04,  661240
1345017448.06,  672988
1345017449.08,  673616
1345017450.1,  672696
1345017451.12,  672952
1345017452.15,  654924
1345017453.18,  656864
1345017454.2,  656860
1345017455.22,  657124
1345017456.24,  657264
1345017457.26,  657876
1345017458.28,  661304
1345017459.32,  664468
1345017460.34,  669924
1345017461.35,  668268
1345017462.38,  668532
1345017463.4,  670096
1345017464.42,  670092
1345017465.44,  670076
1345017466.46,  670868
1345017467.47,  669504
1345017468.49,  670024
1345017469.51,  671580
1345017470.53,  672368
1345017471.58,  674072
1345017472.62,  675528
1345017473.63,  676308
1345017474.65,  675700
1345017475.67,  675976
1345017476.72,  676488
1345017477.73,  676740
1345017478.79,  681552
1345017479.83,  682076
1345017480.85,  682332
1345017481.87,  681948
1345017482.92,  682208
1345017483.94,  680660
1345017484.99,  681176
1345017486.01,  682996
1345017487.03,  682996
1345017488.05,  683248
1345017489.07,  683248
1345017490.11,  683556
1345017491.13,  686356
1345017492.17,  695196
1345017493.19,  701464
1345017494.21,  706356
1345017495.23,  676572
1345017496.25,  678056
1345017497.26,  683952
1345017498.31,  684888
1345017499.36,  663084
1345017500.42,  670772
1345017501.44,  674312
1345017502.46,  693744
1345017503.51,  705124
1345017504.53,  679844
1345017505.57,  680368
1345017506.62,  686668
1345017507.66,  692720
1345017508.72,  689684
1345017509.76,  672472
1345017510.78,  672936
1345017511.8,  673460
1345017512.82,  678316
1345017513.86,  681008
1345017514.91,  683452
1345017515.96,  688036
1345017516.97,  666512
1345017517.99,  668148
1345017519.0,  668668
1345017520.02,  668832
1345017521.04,  669628
1345017522.05,  670632
1345017523.1,  670628
1345017524.12,  666596
1345017525.14,  671464
1345017526.18,  676472
1345017527.24,  678524
1345017528.29,  666456
1345017529.3,  668620
1345017530.33,  670064
1345017531.39,  670596
1345017532.41,  664616
1345017533.43,  669452
1345017534.45,  671300
1345017535.47,  672444
1345017536.55,  677400
1345017537.6,  667148
1345017538.67,  676704
1345017539.7,  676708
1345017540.71,  678024
1345017541.73,  665044
1345017542.78,  667324
1345017543.82,  667908
1345017544.84,  668900
1345017545.87,  669612
1345017546.89,  667364
1345017547.93,  665872
1345017548.95,  669776
1345017549.98,  669776
1345017551.01,  675212
1345017552.03,  669624
1345017553.05,  670408
1345017554.07,  671180
1345017555.12,  671644
1345017556.26,  653592
1345017557.3,  653644
1345017558.32,  655748
1345017559.34,  656088
1345017562.16,  653840
1345017563.18,  654360
1345017564.2,  652784
1345017565.22,  655168
1345017566.26,  658808
1345017567.31,  659116
1345017568.33,  656120
1345017569.35,  656732
1345017570.37,  657780
1345017571.39,  658096
1345017572.41,  654184
1345017573.42,  655248
1345017574.44,  655240
1345017575.46,  655512
1345017576.51,  655512
1345017577.53,  652640
1345017578.55,  652908
1345017579.57,  653436
1345017580.59,  653964
1345017581.61,  654232
1345017582.66,  655952
1345017583.69,  652676
1345017584.71,  653984
1345017585.73,  655300
1345017586.75,  658992
1345017587.77,  657372
1345017588.79,  653380
1345017589.81,  653384
1345017590.83,  654152
1345017591.85,  652524
1345017592.87,  652528
1345017593.89,  654332
1345017594.91,  652728
1345017595.94,  652992
1345017596.96,  652992
1345017597.98,  652988
1345017599.0,  653260
1345017600.02,  654052
1345017601.04,  654044
1345017602.05,  654308
1345017603.12,  655012
1345017604.15,  654996
1345017605.16,  659724
1345017606.19,  661088
1345017607.23,  652016
1345017608.26,  652904
1345017609.32,  652904
1345017610.38,  653164
1345017611.45,  653332
1345017612.5,  651180
1345017613.55,  651476
1345017614.57,  652280
1345017615.6,  653592
1345017616.63,  653588
1345017617.66,  654768
1345017618.68,  655868
1345017619.72,  656132
1345017620.75,  656568
1345017621.77,  649804
1345017622.79,  651120
1345017623.98,  652876
1345017625.0,  653932
1345017626.01,  653396
1345017627.05,  653172
1345017628.07,  653180
1345017629.09,  650832
1345017630.1,  652756
1345017631.12,  646520
1345017632.14,  646944
1345017633.16,  646936
1345017634.19,  646948
1345017635.21,  647460
1345017636.22,  642412
1345017637.24,  642416
1345017638.26,  643152
1345017639.27,  643152
1345017640.3,  643420
1345017641.33,  644604
1345017642.35,  644592
1345017643.38,  644592
1345017644.39,  645132
1345017645.45,  645356
1345017646.46,  645888
1345017647.48,  644856
1345017648.5,  645896
1345017649.51,  645212
1345017650.59,  654880
1345017651.61,  652448
1345017652.64,  654916
1345017653.65,  645924
1345017654.71,  646180
1345017655.74,  646192
1345017656.76,  646200
1345017657.78,  645844
1345017658.82,  648052
1345017659.88,  650212
1345017660.9,  650208
1345017661.91,  644608
1345017662.93,  646524
1345017663.95,  648356
1345017665.06,  648616
1345017666.08,  643904
1345017667.1,  645224
1345017668.13,  645300
1345017669.16,  645296
1345017670.19,  646020
1345017671.21,  646020
1345017672.26,  646540
1345017673.28,  646808
1345017674.3,  645112
1345017675.31,  645108
1345017676.35,  645532
1345017677.38,  650016
1345017678.4,  654840
1345017679.41,  650668
1345017680.43,  644152
1345017681.45,  646020
1345017682.46,  646880
1345017683.48,  646872
1345017684.51,  643596
1345017685.59,  643104
1345017686.61,  647856
1345017687.63,  648452
1345017688.67,  648700
1345017689.72,  644468
1345017690.74,  644996
1345017691.76,  645524
1345017692.78,  645616
1345017693.79,  644504
1345017694.82,  645764
1345017695.85,  646408
1345017696.87,  646424
1345017697.89,  646424
1345017698.91,  643236
1345017699.94,  643340
1345017700.95,  644652
1345017701.97,  644656
1345017702.99,  644648
1345017704.01,  644736
1345017705.03,  643864
1345017706.09,  646320
1345017707.15,  651412
1345017708.16,  650224
1345017709.2,  651140
1345017710.26,  649268
1345017711.28,  648012
1345017712.3,  648268
1345017713.32,  648276
1345017714.34,  645320
1345017715.36,  646336
1345017716.39,  646344
1345017717.41,  646344
1345017718.43,  646344
1345017719.46,  644424
1345017720.47,  644676
1345017721.49,  644676
1345017722.5,  644676
1345017723.52,  644676
1345017724.54,  646348
1345017725.55,  646348
1345017726.62,  646344
1345017727.63,  646348
1345017728.65,  646348
1345017729.68,  646600
1345017730.7,  647092
1345017731.72,  647892
1345017732.74,  648148
1345017733.78,  660764
1345017734.81,  651072
1345017735.83,  651204
1345017736.87,  653944
1345017737.89,  656668
1345017738.93,  664112
1345017739.95,  680108
1345017741.0,  680376
1345017742.02,  689744
1345017743.04,  691840
1345017744.43,  687148
1345017745.45,  685560
1345017746.51,  686388
1345017747.53,  692088
1345017748.54,  690704
1345017749.57,  689616
1345017750.6,  645432
1345017751.66,  651728
1345017752.71,  652088
1345017753.72,  653396
1345017754.74,  653360
1345017755.76,  654664
1345017756.8,  661364
1345017757.84,  663036
1345017758.87,  666264
1345017759.89,  674416
1345017760.91,  675208
1345017761.94,  675996
1345017762.97,  649940
1345017764.0,  653244
1345017765.05,  653604
1345017766.07,  653244
1345017767.14,  655076
1345017768.15,  655224
1345017769.18,  651000
1345017770.25,  654620
1345017771.3,  654908
1345017772.32,  655960
1345017773.34,  657008
1345017774.36,  657000
1345017775.38,  656216
1345017776.4,  660328
1345017777.43,  660632
1345017778.45,  660900
1345017779.49,  658940
1345017780.52,  653632
1345017781.59,  654416
1345017782.64,  654952
1345017783.7,  652400
1345017784.72,  653796
1345017785.74,  658544
1345017786.75,  660424
1345017787.77,  663064
1345017788.8,  667016
1345017789.87,  681008
1345017791.04,  679872
1345017792.11,  680124
1345017793.13,  679008
1345017794.15,  680056
1345017795.18,  680844
1345017796.23,  681084
1345017797.26,  681148
1345017798.28,  679780
1345017799.3,  680844
1345017800.37,  680320
1345017801.41,  680700
1345017802.43,  681036
1345017803.45,  681456
1345017804.47,  681924
1345017805.5,  682692
1345017806.52,  682652
1345017807.61,  682872
1345017808.68,  681492
1345017809.74,  678572
1345017810.77,  677612
1345017811.79,  679320
1345017812.8,  674568
1345017813.82,  675084
1345017814.89,  676816
1345017815.94,  677040
1345017817.0,  677500
1345017818.03,  677972
1345017819.11,  678448
1345017820.12,  678520
1345017821.15,  678512
1345017822.18,  677320
1345017823.2,  676588
1345017824.22,  678380
1345017825.23,  676916
1345017826.25,  675932
1345017827.27,  677300
1345017828.29,  677228
1345017829.33,  677284
1345017830.4,  676636
1345017831.51,  676888
1345017832.54,  667600
1345017833.56,  670036
1345017834.58,  669644
1345017835.73,  669680
1345017836.74,  670080
1345017837.83,  658632
1345017838.87,  657068
1345017839.9,  656180
1345017840.91,  655556
1345017841.98,  656976
1345017843.09,  657288
1345017844.11,  604588
1345017845.13,  607180
1345017846.15,  608312
1345017847.17,  608700
1345017848.2,  616576
1345017849.27,  622352
1345017850.44,  642088
1345017851.62,  634460
1345017852.68,  609260
1345017853.72,  619628
1345017854.79,  622640
1345017855.81,  629300
1345017857.03,  622144
1345017858.09,  638492
1345017859.24,  654200
1345017860.81,  636356
1345017862.53,  590660
1345017863.57,  593436
1345017864.59,  575292
1345017865.67,  575152
1345017866.69,  567956
1345017867.73,  569232
1345017868.77,  572320
1345017869.8,  573632
1345017870.85,  576016
1345017871.87,  577676
1345017872.9,  568544
1345017873.95,  575668
1345017874.98,  595068
1345017876.05,  601996
1345017877.09,  574156
1345017878.1,  576224
1345017879.12,  576992
1345017880.18,  578140
1345017881.21,  578840
1345017882.23,  567804
1345017883.26,  568420
1345017884.28,  570288
1345017885.3,  570548
1345017886.31,  571328
1345017887.33,  567580
1345017888.35,  568016
1345017889.38,  568188
1345017890.4,  568172
1345017891.42,  568932
1345017892.44,  570340
1345017893.46,  570860
1345017894.49,  571832
1345017895.52,  570164
1345017896.54,  568572
1345017897.57,  568576
1345017898.59,  568712
1345017899.61,  572808
1345017900.63,  578492
1345017901.67,  585780
1345017902.69,  587304
1345017903.72,  587816
1345017904.75,  578644
1345017905.79,  581184
1345017906.85,  580056
1345017907.88,  580508
1345017908.92,  595628
1345017909.99,  613412
1345017911.04,  619516
1345017912.27,  621280
1345017913.37,  598292
1345017914.48,  598584
1345017915.61,  598208
1345017916.81,  598616
1345017917.91,  599232
1345017918.94,  581668
1345017919.97,  581096
1345017921.01,  581108
1345017922.05,  582656
1345017923.07,  583168
1345017924.1,  583748
1345017925.12,  583748
1345017926.14,  583744
1345017927.28,  585716
1345017928.29,  577444
1345017929.31,  578964
1345017930.33,  579672
1345017931.35,  580956
1345017932.39,  584112
1345017933.41,  563496
1345017934.42,  565524
1345017935.49,  570980
1345017936.51,  570304
1345017937.57,  566692
1345017938.62,  565668
1345017939.64,  565812
1345017940.66,  566304
1345017941.67,  563476
1345017942.69,  566616
1345017943.71,  566432
1345017944.75,  568008
1345017945.78,  568256
1345017946.8,  570204
1345017947.82,  599256
1345017948.83,  568140
1345017949.86,  576856
1345017950.9,  594080
1345017951.93,  602656
1345017953.16,  637740
1345017954.18,  648940
1345017955.21,  655652
1345017956.29,  656812
1345017957.34,  657332
1345017958.38,  655296
1345017959.42,  658944
1345017960.52,  654892
1345017961.71,  654664
1345017962.74,  653800
1345017963.78,  653552
1345017964.88,  648008
1345017965.89,  648232
1345017966.93,  648228
1345017967.96,  648232
1345017968.97,  648396
1345017969.99,  649640
1345017971.02,  649636
1345017972.05,  649636
1345017973.08,  649640
1345017974.14,  668152
1345017976.73,  663140
1345017985.38,  650372
1345017991.23,  757912
1345018009.52,  747172
1345018012.44,  750884
1345018013.82,  750644
1345018014.97,  749644
1345018016.17,  740476
1345018017.35,  734868
1345018018.37,  735596
1345018019.44,  729856
1345018020.46,  730044
1345018021.48,  733064
1345018022.76,  725376
1345018023.98,  719580
1345018025.0,  717020
1345018026.02,  717208
1345018027.09,  716744
1345018028.12,  715432
1345018029.18,  716132
1345018030.21,  716484
1345018031.24,  716420
1345018032.34,  716508
1345018033.38,  716112
1345018034.41,  716104
1345018035.44,  716108
1345018036.47,  716264
1345018037.5,  716292
1345018038.52,  722760
1345018039.56,  722848
1345018040.59,  722784
1345018041.79,  722732
1345018042.88,  722516
1345018043.9,  722668
1345018044.93,  722672
1345018045.96,  722672
1345018047.05,  723016
1345018048.06,  723020
1345018049.08,  723016
1345018050.1,  723020
1345018051.12,  723020
1345018052.14,  723204
1345018053.15,  723204
1345018054.18,  723208
1345018055.21,  723204
1345018056.23,  723384
1345018057.27,  723644
1345018058.29,  723808
1345018059.32,  724240
1345018060.35,  724244
1345018061.38,  724396
1345018062.41,  724412
1345018063.44,  724556
1345018064.47,  724556
1345018065.5,  724556
1345018066.53,  724564
1345018067.56,  724732
1345018068.62,  724996
1345018069.65,  725004
1345018070.68,  725336
1345018071.71,  725336
1345018072.73,  725512
1345018073.8,  725684
1345018074.82,  725808
1345018075.85,  725972
1345018076.88,  726104
1345018077.89,  726092
1345018078.94,  726244
1345018079.97,  726228
1345018081.0,  726372
1345018082.04,  728536
1345018083.08,  728976
1345018084.13,  731020
1345018085.21,  732480
1345018086.27,  733768
1345018087.46,  736656
1345018089.24,  742152
1345018090.34,  726580
1345018091.38,  725760
1345018092.4,  726204
1345018093.43,  726208
1345018094.45,  726208
1345018095.49,  726896
1345018096.56,  726892
1345018097.59,  726668
1345018098.63,  725732
1345018099.65,  725900
1345018100.67,  725892
1345018101.7,  726036
1345018102.73,  726420
1345018103.77,  726412
1345018104.79,  726556
1345018105.83,  728472
1345018106.88,  726328
1345018107.9,  727564
1345018109.0,  729720
1345018110.04,  732276
1345018111.06,  734560
1345018112.11,  733300
1345018113.14,  732492
1345018114.18,  730376
1345018115.47,  726788
1345018116.51,  726788
1345018117.58,  726788
1345018118.61,  726960
1345018119.63,  726964
1345018120.65,  727100
1345018121.69,  727100
1345018122.72,  727392
1345018123.75,  727384
1345018124.77,  727392
1345018125.79,  727556
1345018126.85,  727552
1345018127.88,  727536
1345018128.91,  727892
1345018129.96,  727900
1345018131.01,  727892
1345018132.04,  728084
1345018133.08,  728080
1345018134.12,  728084
1345018135.15,  728080
1345018136.18,  728252
1345018137.21,  728248
1345018138.25,  728252
1345018139.31,  728424
1345018140.34,  728584
1345018141.37,  729796
1345018142.48,  601984
1345018143.5,  493400
1345018144.54,  331800
1345018145.56,  331944
1345018146.58,  333064
1345018147.6,  336944
1345018148.62,  338360
1345018149.64,  339500
1345018150.67,  340660
1345018151.69,  342028
1345018152.71,  343684
1345018153.73,  345100
1345018154.75,  346636
1345018155.76,  348100
1345018156.78,  347796
1345018157.8,  349232
1345018158.82,  350048
1345018159.88,  354356
1345018160.89,  358528
1345018161.92,  363288
1345018162.95,  367192
1345018163.97,  370304
1345018165.01,  381448
1345018166.03,  353960
1345018167.05,  353964
1345018168.07,  354156
1345018169.08,  354152
1345018170.1,  354368
1345018171.12,  354372
1345018172.13,  354808
1345018173.15,  355408
1345018174.17,  358456
1345018175.19,  360000
1345018176.22,  361556
1345018177.25,  365848
1345018178.26,  369164
1345018179.28,  372680
1345018180.3,  376404
1345018181.32,  380320
1345018182.34,  387264
1345018183.37,  376624
1345018184.41,  378804
1345018185.43,  379048
1345018186.45,  379092
1345018187.48,  379096
1345018188.53,  379488
1345018189.56,  380772
1345018190.61,  381344
1345018191.63,  382532
1345018192.64,  382844
1345018193.66,  384348
1345018194.68,  386428
1345018195.73,  388692
1345018196.76,  386900
1345018197.78,  387116
1345018198.8,  387372
1345018199.82,  388792
1345018200.85,  389776
1345018201.87,  390012
1345018202.9,  390956
1345018203.92,  390948
1345018204.94,  389884
1345018205.96,  390548
1345018206.98,  399144
1345018208.0,  389732
1345018209.02,  389988
1345018210.06,  388844
1345018211.11,  390116
1345018212.14,  392532
1345018213.16,  399408
1345018214.17,  402568
1345018215.19,  403256
1345018216.23,  392596
1345018217.25,  393388
1345018218.27,  393772
1345018219.29,  399292
1345018220.32,  393828
1345018221.34,  393828
1345018222.36,  394184
1345018223.37,  395452
1345018224.4,  395452
1345018225.45,  408680
1345018226.49,  410792
1345018227.55,  411372
1345018228.63,  411612
1345018229.69,  413624
1345018230.73,  426740
1345018231.75,  398404
1345018232.76,  398400
1345018233.81,  394800
1345018234.82,  394800
1345018235.84,  394800
1345018236.86,  394800
1345018237.88,  396108
1345018238.91,  396360
1345018239.93,  396560
1345018240.95,  396820
1345018241.97,  396768
1345018242.99,  396772
1345018244.02,  396772
1345018245.05,  396772
1345018246.07,  396772
1345018247.08,  397020
1345018248.1,  397016
1345018249.12,  397020
1345018250.14,  397020
1345018251.16,  397020
1345018252.17,  397020
1345018253.19,  397268
1345018254.21,  397640
1345018255.23,  397636
1345018256.25,  397628
1345018257.26,  397632
1345018258.28,  397624
1345018259.31,  400200
1345018260.33,  402428
1345018261.36,  402684
1345018262.38,  402692
1345018263.42,  402688
1345018264.45,  402692
1345018265.46,  402696
1345018266.49,  402688
1345018267.5,  402692
1345018268.55,  403272
1345018269.57,  403272
1345018270.59,  403268
1345018271.61,  403280
1345018272.63,  403280
1345018273.65,  403520
1345018274.66,  403932
1345018275.69,  403936
1345018276.71,  404192
1345018277.73,  404680
1345018278.76,  404940
1345018279.77,  407180
1345018280.81,  407188
1345018281.84,  408328
1345018282.87,  408024
1345018283.92,  398000
1345018284.94,  396912
1345018285.96,  398436
1345018286.98,  399064
1345018288.05,  399112
1345018289.06,  399328
1345018290.09,  399304
1345018291.13,  399560
1345018292.17,  400512
1345018293.18,  398384
1345018294.23,  399744
1345018295.25,  401844
1345018296.27,  402056
1345018297.29,  405612
1345018298.33,  415320
1345018299.4,  421828
1345018300.43,  426120
1345018301.44,  405084
1345018302.47,  405424
1345018303.51,  421504
1345018304.53,  441772
1345018305.59,  450024
1345018306.67,  449868
1345018307.79,  425988
1345018308.85,  424856
1345018309.87,  426940
1345018310.9,  426940
1345018311.94,  426944
1345018313.0,  424724
1345018314.02,  424228
1345018315.08,  425412
1345018316.14,  425680
1345018317.16,  425700
1345018318.17,  426732
1345018319.19,  426740
1345018320.21,  426996
1345018321.23,  427324
1345018322.26,  427320
1345018323.28,  427480
1345018324.31,  428268
1345018325.33,  428272
1345018326.35,  427100
1345018327.38,  428336
1345018328.4,  429668
1345018329.42,  432720
1345018330.49,  435260
1345018331.52,  439968
1345018332.54,  443300
1345018333.56,  446552
1345018334.59,  448140
1345018335.6,  450760
1345018336.62,  452988
1345018337.65,  456312
1345018338.66,  456792
1345018339.68,  458564
1345018340.7,  458568
1345018341.72,  458804
1345018342.74,  458796
1345018343.76,  458988
1345018344.78,  458980
1345018345.8,  458972
1345018346.83,  459228
1345018347.85,  459332
1345018348.87,  459336
1345018349.88,  459404
1345018352.78,  459560
1345018353.8,  459708
1345018354.82,  459824
1345018355.83,  460100
1345018356.85,  460096
1345018357.87,  460328
1345018358.9,  460324
1345018359.92,  460328
1345018360.94,  460316
1345018361.96,  460980
1345018362.97,  461132
1345018364.0,  461392
1345018365.02,  461656
1345018366.04,  461948
1345018367.05,  461940
1345018368.07,  461048
1345018369.09,  459936
1345018370.13,  460304
1345018371.16,  460304
1345018372.18,  460300
1345018373.2,  461456
1345018374.21,  479124
1345018375.24,  499052
1345018376.26,  541844
1345018377.29,  553852
1345018378.32,  553856
1345018379.34,  553848
1345018380.38,  553852
1345018381.41,  554116
1345018382.44,  551420
1345018383.68,  609740
1345018384.72,  610024
1345018385.75,  610020
1345018386.79,  610288
1345018387.82,  615024
1345018388.86,  635580
1345018389.88,  636044
1345018390.92,  638132
1345018392.33,  659144
1345018393.4,  650284
1345018394.55,  660084
1345018395.58,  660892
1345018396.6,  660828
1345018397.69,  660716
1345018398.76,  665056
1345018399.79,  664012
1345018400.82,  662732
1345018401.84,  663332
1345018402.87,  663136
1345018403.91,  663128
1345018404.93,  662828
1345018405.95,  662824
1345018406.98,  662824
1345018408.0,  662828
1345018409.04,  663580
1345018410.08,  664124
1345018411.11,  664616
1345018412.14,  664876
1345018413.17,  665932
1345018414.22,  648192
1345018415.25,  648388
1345018416.28,  648376
1345018417.31,  646812
1345018418.35,  646812
1345018419.38,  645228
1345018420.42,  645476
1345018421.45,  645468
1345018422.48,  646844
1345018423.51,  647112
1345018424.54,  648188
1345018425.56,  648188
1345018426.58,  648184
1345018427.62,  648180
1345018428.67,  647664
1345018429.69,  647664
1345018430.71,  648448
1345018431.74,  649508
1345018432.78,  649612
1345018433.82,  649620
1345018434.84,  648668
1345018435.88,  648668
1345018436.92,  648672
1345018437.95,  649188
1345018438.98,  649188
1345018440.0,  649444
1345018441.05,  649668
1345018442.08,  649676
1345018443.11,  649704
1345018444.14,  649664
1345018445.17,  649664
1345018446.21,  649504
1345018447.25,  649504
1345018448.27,  649492
1345018449.31,  649500
1345018450.44,  649496
1345018451.48,  648448
1345018452.5,  649252
1345018453.54,  650980
1345018454.57,  650976
1345018455.61,  650300
1345018456.63,  650296
1345018457.65,  650300
1345018458.67,  650820
1345018459.72,  654656
1345018460.75,  654724
1345018461.78,  654392
1345018462.82,  654512
1345018463.88,  654512
1345018464.9,  654508
1345018465.93,  654508
1345018466.95,  654772
1345018467.98,  654772
1345018469.02,  654768
1345018470.05,  654768
1345018471.1,  654772
1345018472.14,  654768
1345018473.17,  655204
1345018474.2,  655204
1345018475.21,  655096
1345018476.23,  439540
1345018477.25,  439788
1345018478.26,  440032
1345018479.28,  440032
1345018480.32,  440776
1345018481.34,  441152
1345018482.36,  441348
1345018483.37,  441600
1345018484.39,  441600
1345018485.41,  441596
1345018486.42,  441604
1345018487.44,  441604
1345018488.46,  441852
1345018489.47,  441852
1345018490.48,  442368
1345018491.5,  442844
1345018492.52,  442848
1345018493.54,  442840
1345018494.56,  443104
1345018495.58,  443108
1345018496.6,  443104
1345018497.62,  443104
1345018498.67,  443104
1345018499.69,  443108
1345018500.71,  443108
1345018501.73,  443104
1345018502.75,  443652
1345018503.76,  442880
1345018504.78,  443140
1345018505.8,  443140
1345018506.82,  443276
1345018507.84,  445736
1345018508.87,  445008
1345018509.89,  446044
1345018510.91,  446752
1345018511.93,  446788
1345018512.95,  448332
1345018513.97,  449164
1345018514.99,  449868
1345018516.02,  449980
1345018517.06,  450248
1345018518.08,  450244
1345018519.12,  450216
1345018520.14,  450216
1345018521.19,  450436
1345018522.22,  450432
1345018523.28,  450620
1345018524.31,  451740
1345018525.35,  450944
1345018526.38,  451000
1345018527.4,  450996
1345018528.41,  450996
1345018529.43,  451256
1345018530.45,  452036
1345018531.47,  452184
1345018532.5,  451852
1345018533.51,  451856
1345018534.53,  452408
1345018535.55,  451376
1345018536.57,  434824
1345018537.59,  434824
1345018538.6,  435000
1345018539.62,  435252
1345018540.66,  435516
1345018541.69,  435020
1345018542.71,  435228
1345018543.74,  439120
1345018544.76,  440496
1345018545.78,  423816
1345018546.81,  428984
1345018547.83,  429800
1345018548.86,  430008
1345018549.88,  486164
1345018550.9,  431132
1345018551.92,  438112
1345018552.94,  443396
1345018553.96,  448932
1345018555.02,  453140
1345018556.03,  453248
1345018557.06,  453244
1345018558.09,  453248
1345018559.11,  453504
1345018560.12,  457548
1345018561.15,  457544
1345018562.17,  457552
1345018563.19,  456100
1345018564.21,  456108
1345018565.23,  456108
1345018566.25,  456200
1345018567.26,  456192
1345018568.28,  456196
1345018569.3,  456200
1345018570.32,  456456
1345018571.34,  456460
1345018572.36,  456492
1345018573.39,  456492
1345018574.42,  456484
1345018575.43,  456492
1345018576.45,  456492
1345018577.48,  456492
1345018578.49,  456488
1345018579.51,  461332
1345018580.53,  461336
1345018581.55,  461332
1345018582.57,  461332
1345018583.59,  461600
1345018584.61,  461604
1345018585.62,  461600
1345018586.65,  461880
1345018587.68,  461876
1345018588.7,  461872
1345018589.72,  442088
1345018590.73,  442088
1345018591.75,  440768
1345018592.77,  440768
1345018593.78,  440768
1345018594.8,  441420
1345018595.82,  441508
1345018596.84,  441728
1345018597.87,  440760
1345018598.89,  441576
1345018599.91,  441576
1345018600.93,  441588
1345018601.96,  441696
1345018602.98,  441708
1345018604.02,  441704
1345018605.04,  441700
1345018606.06,  442148
1345018607.07,  442144
1345018608.09,  442132
1345018609.11,  442612
1345018610.14,  442616
1345018611.17,  443360
1345018612.19,  443348
1345018613.23,  443348
1345018614.25,  443556
1345018615.32,  443820
1345018616.34,  444088
1345018617.36,  444088
1345018618.38,  444040
1345018619.4,  444160
1345018620.42,  444164
1345018621.44,  444296
1345018622.45,  444288
1345018623.48,  444560
1345018624.5,  444564
1345018625.51,  444560
1345018626.54,  444568
1345018627.56,  444564
1345018628.6,  444560
1345018629.61,  444604
1345018630.63,  444600
1345018631.65,  444600
1345018632.68,  444600
1345018633.7,  444604
1345018634.73,  444600
1345018635.75,  444596
1345018636.77,  444596
1345018637.79,  444600
1345018638.81,  444604
1345018639.83,  444600
1345018640.85,  444596
1345018641.87,  444600
1345018642.88,  444596
1345018643.9,  444864
1345018644.92,  444860
1345018645.94,  444864
1345018646.95,  444860
1345018647.97,  444856
1345018648.99,  444860
1345018650.01,  444860
1345018651.04,  444860
1345018652.06,  444860
1345018653.08,  444852
1345018654.1,  444860
1345018655.11,  444864
1345018656.13,  444860
1345018657.15,  445128
1345018658.17,  447052
1345018659.19,  447056
1345018660.21,  447056
1345018661.22,  447812
1345018662.28,  445648
1345018663.31,  447480
1345018664.34,  447976
1345018665.4,  442204
1345018666.44,  450992
1345018667.46,  451600
1345018668.52,  452684
1345018669.54,  435976
1345018670.58,  436588
1345018671.62,  436592
1345018672.66,  448056
1345018673.7,  455608
1345018674.72,  463588
1345018675.74,  464084
1345018676.8,  451000
1345018677.83,  457124
1345018678.85,  457128
1345018679.87,  456168
1345018680.89,  439376
1345018681.92,  439376
1345018682.97,  443248
1345018683.99,  473128
1345018685.02,  476072
1345018686.06,  482588
1345018687.08,  449096
1345018688.14,  454792
1345018689.18,  469616
1345018690.22,  469416
1345018691.29,  478772
1345018692.36,  476596
1345018693.41,  471444
1345018694.43,  478004
1345018695.46,  481912
1345018696.48,  484404
1345018697.5,  483056
1345018698.52,  459872
1345018699.58,  480724
1345018700.62,  487552
1345018701.64,  488552
1345018702.81,  487720
1345018703.83,  464456
1345018704.86,  464460
1345018705.88,  464984
1345018706.9,  465248
1345018707.95,  494300
1345018708.97,  470192
1345018709.99,  470820
1345018711.02,  484360
1345018712.05,  486284
1345018713.08,  486528
1345018714.1,  468868
1345018715.13,  453280
1345018716.14,  453548
1345018717.17,  455304
1345018718.2,  457504
1345018719.24,  464900
1345018720.3,  478972
1345018721.32,  476812
1345018722.34,  460068
1345018723.37,  465384
1345018724.42,  481048
1345018725.46,  498276
1345018726.48,  501072
1345018727.49,  472668
1345018728.55,  473336
1345018729.57,  474696
1345018730.6,  476380
1345018731.64,  491472
1345018732.67,  475592
1345018733.71,  490472
1345018734.73,  507160
1345018735.79,  509448
1345018736.91,  522872
1345018737.96,  488884
1345018739.03,  492160
1345018740.05,  493272
1345018741.11,  508464
1345018742.12,  490188
1345018743.17,  504088
1345018744.22,  506916
1345018745.24,  507624
1345018746.27,  507628
1345018747.3,  481008
1345018748.36,  497276
1345018749.42,  518096
1345018750.5,  519672
1345018751.66,  518436
1345018752.8,  496168
1345018753.83,  495916
1345018754.9,  496360
1345018755.97,  496424
1345018757.03,  497996
1345018758.06,  497260
1345018759.1,  502272
1345018760.13,  502684
1345018761.17,  502684
1345018762.19,  496468
1345018763.2,  496492
1345018764.22,  497236
1345018765.25,  497652
1345018766.27,  497660
1345018767.29,  503152
1345018768.31,  500636
1345018769.33,  490088
1345018770.34,  490472
1345018771.36,  490472
1345018772.38,  490472
1345018773.4,  486616
1345018774.42,  486616
1345018775.44,  486616
1345018776.48,  487908
1345018777.5,  465472
1345018778.52,  465844
1345018779.54,  466208
1345018780.56,  466648
1345018781.58,  463904
1345018782.6,  464112
1345018783.62,  464108
1345018784.65,  464296
1345018785.68,  464544
1345018786.7,  464540
1345018787.72,  464540
1345018788.74,  464544
1345018789.77,  463880
1345018790.79,  463692
1345018791.82,  463768
1345018792.85,  463928
1345018793.87,  451800
1345018794.9,  452004
1345018795.92,  453004
1345018796.95,  453256
1345018797.98,  453260
1345018799.01,  454320
1345018800.03,  454336
1345018801.05,  454296
1345018802.07,  454292
1345018803.09,  452332
1345018804.1,  452404
1345018805.12,  452396
1345018806.14,  452160
1345018807.16,  454984
1345018808.17,  453456
1345018809.19,  453252
1345018810.21,  453464
1345018811.23,  453464
1345018812.26,  449296
1345018813.28,  450844
1345018814.3,  450852
1345018815.32,  450852
1345018816.33,  450836
1345018817.35,  448904
1345018818.37,  448896
1345018819.39,  448908
1345018820.41,  448900
1345018821.42,  448900
1345018822.44,  448564
1345018823.46,  448716
1345018824.48,  448716
1345018825.5,  448712
1345018826.53,  448588
1345018827.55,  448840
1345018828.57,  448832
1345018829.59,  448836
